1.27896 0.546995 1.00893 	0.0363451 -1.37919 -0.302251 	19.8384 -44.1894 39.3512 	18.4412 -43.9320 39.2199 	1.00000	1.00000	1.00000	1
0.492842 1.05079 0.786967 	0.480098 -1.89654 1.74953 	-76.1479 73.5996 -14.4509 	-74.8449 72.3460 -13.0750 	1.00000	1.00000	1.00000	1
1.26591 1.28827 1.98810 	0.704456 -2.53218 0.751805 	-17.3332 -0.105194 -26.8546 	-43.6526 25.4857 -54.2302 	1.00000	1.00000	1.00000	1
0.0612935 1.81601 1.85839 	0.793210 0.773234 0.546256 	70.8445 41.3274 22.7019 	71.9604 42.1967 23.8908 	1.00000	1.00000	1.00000	1
2.20721 0.710164 2.06781 	-0.469376 -1.95142 -1.16855 	-40.6685 8.78537 -19.0637 	-41.3335 8.50876 -19.8496 	1.00000	1.00000	1.00000	1
2.19148 1.19481 1.11764 	0.104913 0.665750 0.776264 	-46.5791 -1.66634 -47.5607 	-46.5240 -0.866677 -47.2897 	1.00000	1.00000	1.00000	1
1.48290 1.01392 0.0303497 	0.871299 0.520769 1.42091 	-23.4779 -49.8081 -37.6090 	-23.1264 -49.6009 -37.2358 	1.00000	1.00000	1.00000	1
0.883612 1.49490 3.83893 	0.211612 -0.433080 0.283884 	21.7939 9.84870 70.6952 	22.0489 9.04212 71.1519 	1.00000	1.00000	1.00000	1
1.24828 0.732945 3.04288 	2.57383 0.0777349 0.695485 	-72.1493 10.0000 -14.1068 	-70.8754 9.70577 -13.7864 	1.00000	1.00000	1.00000	1
1.66043 0.911563 4.14636 	-1.71312 -0.628100 0.248582 	93.1721 25.2190 12.0564 	111.654 -14.2886 44.2767 	1.00000	1.00000	1.00000	1
1.92275 1.58246 3.33853 	0.937678 1.93825 1.24764 	11.7381 -26.6607 19.8102 	11.6495 -25.9804 19.7511 	1.00000	1.00000	1.00000	1
0.858411 0.254733 3.97687 	0.613685 1.24172 -0.980654 	45.0043 4.38053 20.5065 	45.1572 5.41092 20.2540 	1.00000	1.00000	1.00000	1
2.14598 0.0536474 3.12721 	-2.68466 -1.24451 -2.32737 	-25.1902 30.8651 -28.7161 	-1.45749 -5.26023 3.45881 	1.00000	1.00000	1.00000	1
2.12388 2.20274 4.22093 	0.148786 0.760132 1.37790 	12.3727 73.4721 -129.433 	10.6599 72.5939 -126.354 	1.00000	1.00000	1.00000	1
0.965961 2.26540 3.01208 	0.0335767 -2.89605 0.141384 	-22.2852 -84.7350 -0.698559 	-41.7895 -46.1291 -32.5402 	1.00000	1.00000	1.00000	1
0.844505 1.93099 6.01013 	1.48402 1.37777 3.56010 	-18.9771 6.67448 38.4367 	-18.2657 8.20076 39.2767 	1.00000	1.00000	1.00000	1
0.534418 0.358571 5.97243 	-1.99319 1.95604 -4.22373 	-10.7342 50.1962 28.6800 	-11.1773 50.9232 27.7778 	1.00000	1.00000	1.00000	1
1.93624 1.10125 6.13129 	0.0540806 -2.77611 3.06988 	-53.7393 24.3798 11.4638 	-52.1140 22.9481 12.5967 	1.00000	1.00000	1.00000	1
0.764042 0.950579 4.93035 	-0.715563 3.59789 0.709865 	-12.3398 0.0956444 46.6302 	-12.8451 2.24090 46.3564 	1.00000	1.00000	1.00000	1
1.65096 0.309976 5.29263 	1.39703 -0.604118 1.79829 	81.8119 37.4641 -30.6087 	83.0722 37.1686 -29.3829 	1.00000	1.00000	1.00000	1
1.68935 1.93626 4.99678 	0.813890 1.81551 -0.601583 	89.8868 -54.6960 59.7075 	95.0482 -46.0928 59.6192 	1.00000	1.00000	1.00000	1
1.25669 1.71637 8.04582 	-0.0883452 1.22846 0.00316128 	63.9785 -8.11181 17.7231 	64.1411 -7.20597 17.4309 	1.00000	1.00000	1.00000	1
0.480163 0.769178 8.19684 	-2.31107 -1.75431 -0.155714 	-40.7198 -29.8704 18.7920 	-41.5150 -29.7791 18.7471 	1.00000	1.00000	1.00000	1
0.534350 1.42653 7.20583 	-0.560146 -3.10307 0.144072 	28.4061 -17.7913 -67.8427 	27.4685 -18.4779 -66.7248 	1.00000	1.00000	1.00000	1
0.0811363 1.90738 9.02404 	-2.57961 0.0964840 -3.30769 	108.655 -51.8827 -1.34224 	102.179 -50.6066 -4.09920 	1.00000	1.00000	1.00000	1
1.34328 0.218595 8.21532 	-1.23647 -1.81659 1.08968 	120.923 -20.2865 -44.3471 	119.972 -20.6521 -45.2644 	1.00000	1.00000	1.00000	1
0.299904 0.462007 9.19692 	1.51862 -1.76575 0.354811 	-85.8425 36.1487 -17.8529 	-80.8057 32.5936 -18.0452 	1.00000	1.00000	1.00000	1
1.53074 2.07754 7.00057 	-0.0727986 -2.54324 3.50244 	15.7807 13.0679 -38.8589 	9.63781 5.16112 -37.7917 	1.00000	1.00000	1.00000	1
1.34585 3.16822 0.969843 	3.36965 3.59388 -1.27111 	18.9623 49.8341 -16.2563 	20.6211 52.3305 -18.2286 	1.00000	1.00000	1.00000	1
1.26751 2.79359 1.88535 	-0.261494 -1.11897 0.701047 	-93.8793 -18.5221 -13.6173 	-93.7881 -18.6420 -10.0511 	1.00000	1.00000	1.00000	1
1.14304 4.04293 1.57320 	-0.603731 -0.217244 -3.12951 	-13.7097 5.97027 -18.4691 	-13.7850 5.34629 -20.1064 	1.00000	1.00000	1.00000	1
0.488117 3.77656 0.689190 	2.03194 0.124015 1.98037 	-31.5294 -5.26808 -6.60133 	-30.7051 -5.44779 -4.02329 	1.00000	1.00000	1.00000	1
0.355909 2.57624 0.745051 	0.678461 0.0813491 -3.32901 	10.6924 42.0631 -19.4935 	12.4565 36.4221 -29.5745 	1.00000	1.00000	1.00000	1
1.51093 4.58517 0.503361 	-2.36069 0.370687 0.0747696 	-14.0435 35.5679 -41.1089 	-14.8977 35.7393 -41.0308 	1.00000	1.00000	1.00000	1
0.263093 3.27526 1.51510 	-0.810683 -0.116147 -0.964334 	43.1060 19.1758 37.4206 	33.8259 17.9653 32.6964 	1.00000	1.00000	1.00000	1
1.07872 3.50165 2.62109 	-0.235970 -0.567418 -5.16462 	42.4592 -70.5076 13.9993 	42.5063 -71.0892 10.6887 	1.00000	1.00000	1.00000	1
1.24691 2.89273 3.82197 	0.245785 -0.695336 -3.26431 	-71.8292 1.01531 16.8817 	-71.3874 0.866032 14.1170 	1.00000	1.00000	1.00000	1
1.87114 3.84564 3.65129 	-0.0400372 -3.26597 -2.67029 	62.2941 42.9313 18.2253 	63.2023 41.0719 16.8462 	1.00000	1.00000	1.00000	1
0.984222 4.37932 3.54166 	-1.27132 -0.587933 0.560990 	-16.9240 5.02394 43.6173 	-19.1207 5.74692 43.7880 	1.00000	1.00000	1.00000	1
2.14531 2.85112 2.92811 	0.473248 0.0652760 -1.20068 	-51.8617 4.74003 16.5995 	-50.7419 4.38584 15.6111 	1.00000	1.00000	1.00000	1
0.197523 4.14615 2.41935 	2.86878 -0.296867 0.0291902 	4.13773 27.8201 -28.4431 	5.61272 34.6830 -21.0558 	1.00000	1.00000	1.00000	1
0.885748 3.98102 4.51647 	2.09974 0.712410 0.715846 	35.1036 -24.1399 5.63964 	36.0442 -23.9368 6.85746 	1.00000	1.00000	1.00000	1
2.24971 4.39803 2.72085 	-3.78380 -0.0307595 -0.0934490 	-85.9974 -18.9618 -27.5775 	-90.8397 -20.5996 -28.0677 	1.00000	1.00000	1.00000	1
1.85346 4.03047 5.80015 	0.0643691 -0.115075 0.284299 	-68.1292 -20.7861 10.1806 	-68.4335 -20.7320 11.2539 	1.00000	1.00000	1.00000	1
0.796198 3.14535 5.78739 	-0.958036 2.94134 1.22049 	38.9308 -31.7273 38.8933 	38.4717 -30.7582 39.4245 	1.00000	1.00000	1.00000	1
1.89258 3.19830 5.00172 	0.289213 -3.57834 2.95401 	-20.4628 37.9590 -9.88880 	-19.9448 34.8641 -6.77218 	1.00000	1.00000	1.00000	1
1.71887 2.63538 5.92764 	-1.29597 -0.302940 -1.49713 	-11.4206 -39.3453 20.4096 	-12.1814 -39.8621 19.8074 	1.00000	1.00000	1.00000	1
0.883011 2.32556 4.68723 	0.405027 -2.94801 0.677406 	-57.3454 39.9658 -46.5278 	-55.8545 38.4055 -45.4756 	1.00000	1.00000	1.00000	1
0.637061 3.93481 6.56461 	-1.62224 -2.72069 -2.28196 	-27.6138 0.548225 28.3356 	-28.3638 0.194119 27.1839 	1.00000	1.00000	1.00000	1
2.24268 4.29392 4.93492 	-0.570601 2.88306 -0.509085 	-56.7843 99.2272 -102.687 	-56.6238 101.304 -103.534 	1.00000	1.00000	1.00000	1
0.801758 4.53024 5.73746 	-0.764421 2.57633 4.08140 	79.6544 7.86406 -43.5127 	79.5408 8.85818 -41.4382 	1.00000	1.00000	1.00000	1
0.680190 2.63146 6.73485 	-0.566099 1.15180 2.53806 	-6.89491 -9.08945 92.9755 	-7.49837 -8.98809 93.5345 	1.00000	1.00000	1.00000	1
0.223769 3.69549 7.93042 	4.39537 -0.703088 0.00159722 	81.7847 9.58406 -121.547 	91.9146 7.36418 -117.433 	1.00000	1.00000	1.00000	1
0.318475 3.13425 9.01475 	1.30998 -2.92690 1.77724 	13.6742 -31.4039 26.3520 	13.8636 -32.7944 27.5703 	1.00000	1.00000	1.00000	1
1.51356 2.72420 8.10466 	0.331218 1.26567 0.0642352 	0.370444 -21.6944 -23.6130 	0.944767 -20.7040 -23.6446 	1.00000	1.00000	1.00000	1
1.38986 3.74945 8.56302 	-0.596448 -1.76381 0.241869 	3.81497 -59.2439 142.983 	1.55449 -65.6294 150.761 	1.00000	1.00000	1.00000	1
0.431745 4.30776 8.71255 	2.22541 1.03039 -1.54485 	-28.5598 51.6233 7.80386 	-27.7630 50.9140 6.46440 	1.00000	1.00000	1.00000	1
1.51924 4.31432 7.86341 	0.455492 1.56768 -2.98734 	40.0361 24.7452 -78.3954 	42.2521 32.4543 -87.5937 	1.00000	1.00000	1.00000	1
0.554138 2.39358 8.14527 	-1.34195 -0.184161 -0.261671 	-30.2614 5.79377 -24.7907 	-31.2519 6.15188 -25.4376 	1.00000	1.00000	1.00000	1
1.39079 2.30698 9.12186 	-1.37952 0.919211 1.81668 	4.76133 33.8414 -0.972074 	4.38474 34.8536 -0.390461 	1.00000	1.00000	1.00000	1
1.18494 5.41500 1.72708 	1.49692 2.29106 2.87340 	44.0958 15.2625 -40.6858 	41.1649 24.1820 -40.3564 	1.00000	1.00000	1.00000	1
1.18875 6.20052 0.547445 	-0.922329 1.49639 -1.47039 	30.0736 -13.4278 -44.6676 	29.6160 -12.7433 -44.4835 	1.00000	1.00000	1.00000	1
0.339665 5.21556 0.395246 	0.804751 -3.14654 -0.642494 	26.2783 8.01915 6.35857 	26.3404 6.23316 5.32723 	1.00000	1.00000	1.00000	1
0.300334 6.15679 1.26919 	-0.497329 -0.236102 -2.68858 	-18.2021 -17.6603 -47.4362 	-22.9025 -15.6997 -57.2917 	1.00000	1.00000	1.00000	1
0.224626 6.65892 0.253788 	0.987583 2.54377 -0.275274 	-31.1221 44.9177 63.7328 	-31.1372 45.5743 64.0269 	1.00000	1.00000	1.00000	1
2.23709 6.25786 1.44983 	2.55876 -0.380495 0.653962 	-11.7556 6.57828 -7.29404 	-9.55154 15.7020 -10.7176 	1.00000	1.00000	1.00000	1
0.0435638 4.90829 1.35176 	2.10087 3.49446 1.67774 	87.1313 -62.1320 84.6251 	88.1088 -60.1600 85.2053 	1.00000	1.00000	1.00000	1
2.12393 4.66910 1.48056 	-0.984752 -0.628997 1.04324 	84.9528 46.4662 16.7730 	83.6195 45.3600 17.5158 	1.00000	1.00000	1.00000	1
1.14168 6.50911 2.22534 	0.924715 -3.59795 1.35174 	49.2800 -41.9512 68.2666 	49.0760 -43.1681 69.6659 	1.00000	1.00000	1.00000	1
1.28395 6.89354 1.24443 	1.26912 -0.639505 -1.47741 	-12.4092 7.85107 22.9831 	-11.6252 7.51712 22.0860 	1.00000	1.00000	1.00000	1
0.372329 5.51710 2.28930 	-0.570000 1.01528 -0.481126 	-53.4865 -26.6551 96.4050 	-53.0371 -27.4584 96.9208 	1.00000	1.00000	1.00000	1
1.15526 5.94947 3.39924 	-0.961547 3.02511 -3.33051 	-2.61290 -22.7706 -13.6589 	-4.00011 -21.6648 -13.8844 	1.00000	1.00000	1.00000	1
1.81798 5.01270 3.84572 	-1.33379 2.57249 -0.173026 	-0.405395 31.6406 -66.5921 	-0.580279 33.2395 -66.6651 	1.00000	1.00000	1.00000	1
2.12133 6.45653 3.69928 	-0.140891 -0.629037 -1.13059 	-1.56102 -28.8161 -6.43201 	-1.99544 -29.3503 -5.43837 	1.00000	1.00000	1.00000	1
1.15556 4.96167 2.60192 	-4.21866 -0.461061 -1.19619 	39.1417 -73.4390 35.4044 	35.7842 -72.9120 34.0668 	1.00000	1.00000	1.00000	1
2.08786 5.62258 2.46716 	3.28332 -0.419723 -1.30250 	-28.8854 -4.80042 44.6791 	-27.4916 -4.33916 44.3701 	1.00000	1.00000	1.00000	1
0.836382 6.70280 4.27661 	2.17816 1.86046 -0.190335 	34.1822 29.0414 9.88985 	35.6087 29.7581 9.22381 	1.00000	1.00000	1.00000	1
0.193736 4.97026 3.67508 	1.08353 0.588679 -2.76390 	-52.5371 31.1844 -38.8806 	-51.9916 31.0132 -40.1679 	1.00000	1.00000	1.00000	1
1.74270 6.06526 4.55160 	-0.343092 2.08889 -3.34513 	70.8998 -37.9183 -4.86081 	70.8043 -36.7633 -6.33651 	1.00000	1.00000	1.00000	1
0.834184 6.00946 5.51658 	0.744164 1.76023 1.30367 	13.9114 21.6024 20.0137 	14.5305 22.2659 20.1327 	1.00000	1.00000	1.00000	1
1.76446 5.39431 5.91002 	-2.84717 0.452927 -2.87328 	16.3763 22.8038 -46.5886 	15.6215 24.0290 -47.8611 	1.00000	1.00000	1.00000	1
0.717370 5.38919 6.38061 	-0.904245 -2.95819 1.68100 	-17.8615 -1.28033 -9.69064 	-18.9951 -3.39833 -8.64386 	1.00000	1.00000	1.00000	1
1.58113 6.26298 6.53258 	0.562572 -0.515355 -0.559464 	-16.1763 -100.971 -4.23085 	-9.70980 -100.609 -12.2206 	1.00000	1.00000	1.00000	1
2.18404 6.65373 5.57082 	1.11773 0.224353 -0.637153 	-147.203 33.3415 -67.4391 	-146.813 33.8815 -67.4955 	1.00000	1.00000	1.00000	1
1.53668 4.85176 6.82019 	1.16954 1.01334 3.54899 	31.1223 -47.2817 -56.4202 	30.8581 -47.5754 -54.3457 	1.00000	1.00000	1.00000	1
0.891410 5.03114 4.70935 	-1.72170 -1.33223 -3.97524 	21.5836 23.0177 -36.8767 	21.5575 23.3088 -38.4251 	1.00000	1.00000	1.00000	1
0.628991 6.86352 6.33847 	-0.694923 0.0735757 1.19650 	58.6387 4.70172 53.0554 	57.8000 4.91303 53.1651 	1.00000	1.00000	1.00000	1
1.44721 5.18620 8.71142 	3.11227 -1.14118 1.88108 	-16.9531 -37.7238 -0.754341 	-15.2746 -38.7640 -1.17890 	1.00000	1.00000	1.00000	1
0.599181 6.34405 7.53148 	0.438694 2.38671 0.180758 	-51.9463 11.6968 -0.349872 	-50.8276 12.7960 -0.435170 	1.00000	1.00000	1.00000	1
1.56157 5.92301 7.66415 	-0.566532 1.09926 -1.33410 	-1.71952 -85.0527 -29.0593 	-2.26877 -84.8175 -28.9018 	1.00000	1.00000	1.00000	1
0.437267 4.88240 7.73714 	0.317718 -0.218579 1.97554 	-2.13060 -21.6632 -2.39190 	-1.88378 -21.3700 -2.12125 	1.00000	1.00000	1.00000	1
1.65573 6.54246 8.48844 	-1.64325 0.348458 -2.25107 	-21.1883 5.13224 63.0740 	-19.1988 -4.96238 64.1572 	1.00000	1.00000	1.00000	1
0.534415 5.88563 8.79547 	1.58829 -2.29024 1.68366 	-12.2811 -9.02802 -29.8774 	-12.1650 -10.9658 -28.8543 	1.00000	1.00000	1.00000	1
1.33425 8.25219 1.06420 	0.503338 2.23296 3.73405 	-6.50695 17.7256 39.7636 	-5.15728 18.9016 41.6950 	1.00000	1.00000	1.00000	1
1.30585 7.17553 0.246946 	-2.03414 0.691904 -2.74465 	13.4808 23.4860 24.8975 	13.0372 23.3269 23.5443 	1.00000	1.00000	1.00000	1
0.355826 8.81042 1.16849 	-1.72403 0.197689 1.37279 	10.7830 22.4537 -107.874 	10.1834 21.8800 -105.406 	1.00000	1.00000	1.00000	1
0.441268 7.55815 1.35893 	0.773062 -0.339251 0.879770 	-18.2858 22.8402 -37.8027 	-14.8876 13.4216 -34.9993 	1.00000	1.00000	1.00000	1
1.01417 8.93783 2.13976 	0.260324 -0.568707 -0.481436 	61.8797 -32.3079 -7.54285 	61.8067 -32.0242 -7.71241 	1.00000	1.00000	1.00000	1
2.23145 7.37161 1.39004 	-0.139857 -0.637739 -1.50968 	-68.7275 55.4208 -23.8653 	-70.3004 55.4751 -23.7664 	1.00000	1.00000	1.00000	1
1.05786 7.76078 2.20433 	-1.67603 -0.946555 -0.224287 	4.45052 49.2133 25.6435 	2.56489 49.2965 26.0328 	1.00000	1.00000	1.00000	1
2.14387 8.94661 1.06649 	0.876855 2.13098 0.200962 	8.63056 72.4814 24.2803 	10.4143 80.6119 34.3206 	1.00000	1.00000	1.00000	1
1.02966 9.13873 0.0917842 	1.95993 2.64080 -2.49888 	97.7249 -61.2159 55.7233 	94.3586 -56.8061 53.3881 	1.00000	1.00000	1.00000	1
0.335482 8.14024 0.182053 	-2.83360 -3.53354 2.48560 	43.9558 -24.1574 19.1158 	33.2347 -27.0880 18.9933 	1.00000	1.00000	1.00000	1
0.183933 8.37337 1.97114 	2.17493 -0.660347 0.0767985 	-79.6172 -12.2761 100.019 	-78.5281 -10.4945 98.0635 	1.00000	1.00000	1.00000	1
0.941800 8.57660 3.22518 	-1.32064 1.53291 1.15299 	36.5219 -9.32353 1.51301 	36.4859 -1.69157 -4.20694 	1.00000	1.00000	1.00000	1
1.13777 7.26418 3.44996 	0.0358647 -1.12286 1.05750 	26.1575 -108.392 -1.97832 	26.9938 -109.060 -0.627457 	1.00000	1.00000	1.00000	1
0.876549 8.02925 4.21794 	0.0983691 -1.12111 -0.944821 	-23.1256 -43.8123 31.2232 	-22.9551 -44.9000 30.5932 	1.00000	1.00000	1.00000	1
0.415970 7.81717 3.06856 	0.786611 1.90124 -0.287293 	-120.560 -62.0461 -16.9150 	-119.603 -60.0422 -17.4622 	1.00000	1.00000	1.00000	1
1.98575 7.32331 4.29071 	1.30858 -1.44578 -0.363966 	11.3702 12.2944 28.7252 	12.1043 11.5339 28.8458 	1.00000	1.00000	1.00000	1
1.98530 8.69665 4.37284 	-0.218863 -1.08432 0.615550 	17.0299 -1.01252 21.1973 	17.3939 -1.56398 20.3559 	1.00000	1.00000	1.00000	1
0.100337 9.12206 2.80216 	-2.47351 0.147653 -1.47271 	6.82101 -1.95572 7.11935 	5.67680 -1.21806 5.70511 	1.00000	1.00000	1.00000	1
2.15883 6.95956 2.53674 	-1.49992 2.76289 -2.89621 	48.5754 21.1054 46.4189 	39.2125 24.8522 49.6733 	1.00000	1.00000	1.00000	1
0.656444 7.61005 5.37980 	0.815104 -1.07934 -1.33373 	-68.1989 -42.5855 1.47978 	-67.8578 -43.2841 0.610083 	1.00000	1.00000	1.00000	1
0.722102 8.24392 6.19916 	-2.38220 -1.30794 0.385405 	5.29387 66.7339 13.4667 	3.91183 66.5694 14.3381 	1.00000	1.00000	1.00000	1
1.89949 8.21090 5.29731 	0.421269 -1.05857 3.35504 	-28.5883 -64.3914 -17.5645 	-27.8652 -64.9391 -15.8217 	1.00000	1.00000	1.00000	1
1.51727 7.55746 6.30012 	-0.350166 0.716595 3.05461 	16.4636 -4.57159 8.06766 	16.2190 -5.06655 9.65661 	1.00000	1.00000	1.00000	1
0.928379 8.80712 5.19718 	-3.06867 0.906813 -0.582218 	-21.5440 35.7103 -4.91976 	-23.1037 35.4594 -5.04875 	1.00000	1.00000	1.00000	1
1.95987 8.86191 6.05413 	-1.35153 3.31717 -2.76376 	-21.9463 53.5574 18.7180 	-23.0907 54.5188 16.3909 	1.00000	1.00000	1.00000	1
1.64925 8.32780 7.40423 	-0.00561180 1.00722 -0.407436 	20.4787 15.7876 22.8637 	20.4850 15.4654 23.3150 	1.00000	1.00000	1.00000	1
0.519332 8.57039 8.27223 	-0.551927 1.70586 -1.74432 	-51.4352 44.7112 -37.8898 	-52.2684 44.8928 -38.5242 	1.00000	1.00000	1.00000	1
1.43007 7.92310 8.33301 	0.698936 1.60664 -2.11163 	19.1749 56.6391 17.6893 	16.8885 52.6351 6.91213 	1.00000	1.00000	1.00000	1
0.727819 7.14384 8.47995 	-2.50979 -0.522127 -3.36568 	-8.78667 18.8449 -82.2800 	-9.82704 18.1686 -83.7006 	1.00000	1.00000	1.00000	1
1.44145 6.94456 7.48747 	1.93173 0.750366 -1.56737 	56.4815 98.8876 -2.31018 	57.9270 99.0607 -2.63995 	1.00000	1.00000	1.00000	1
0.892260 9.03105 7.22119 	-2.86078 -0.511489 1.01234 	-89.9808 -16.1592 -1.66021 	-90.4449 -16.0391 -1.08666 	1.00000	1.00000	1.00000	1
0.714634 7.84220 7.23781 	1.33016 3.19232 -0.279412 	-110.694 -27.9766 -7.12134 	-110.185 -26.2491 -7.05629 	1.00000	1.00000	1.00000	1
3.22023 0.300834 1.24955 	1.59176 -1.51372 -2.48333 	44.3984 -8.38117 28.6314 	44.9832 -8.58143 27.5340 	1.00000	1.00000	1.00000	1
3.17541 1.80241 0.933793 	1.59502 2.46789 -1.47434 	11.1830 -60.4105 35.6991 	16.8244 -61.9270 28.5329 	1.00000	1.00000	1.00000	1
4.33198 1.04828 1.19047 	1.47230 0.422614 0.0273641 	2.13197 20.3788 91.4078 	2.60088 20.9472 91.4997 	1.00000	1.00000	1.00000	1
4.42937 0.231335 0.374625 	0.142725 0.174585 -4.72297 	-40.1442 14.4317 -63.7071 	-40.3604 14.3850 -65.0487 	1.00000	1.00000	1.00000	1
3.61106 1.21590 0.260804 	0.176331 -0.0285537 -0.770657 	-5.62521 -82.6026 15.2038 	-22.6473 -45.8377 -21.4500 	1.00000	1.00000	1.00000	1
3.44664 1.27175 1.90987 	1.44184 0.725222 -0.696229 	-1.91598 -14.2728 1.02989 	-1.72416 -13.7077 0.431184 	1.00000	1.00000	1.00000	1
2.35097 2.17809 2.20677 	-0.125273 0.460034 0.125396 	-71.0823 -90.4586 -98.8376 	-70.9734 -89.3465 -98.7317 	1.00000	1.00000	1.00000	1
4.58246 1.49147 0.156621 	-2.65105 -2.51827 -0.312209 	-3.64406 60.2148 34.1763 	-6.52372 57.2023 34.2613 	1.00000	1.00000	1.00000	1
3.43085 2.24460 0.00954806 	0.0248136 1.94789 1.54581 	1.35598 18.3069 -24.3607 	1.90990 19.7816 -23.3671 	1.00000	1.00000	1.00000	1
2.91519 1.00386 3.04707 	3.54507 0.855545 -1.42167 	11.2689 -69.7339 90.9196 	12.1094 -68.0145 90.4474 	1.00000	1.00000	1.00000	1
4.25527 1.36717 3.30444 	1.64063 1.57884 -0.543499 	-65.4051 28.4815 23.1185 	-64.6757 28.9949 22.1981 	1.00000	1.00000	1.00000	1
3.76560 0.802518 4.52917 	-1.57996 -1.28852 1.42238 	32.8625 70.3580 -146.859 	33.2949 70.3910 -146.351 	1.00000	1.00000	1.00000	1
2.94988 0.357568 3.98981 	-1.09523 0.635925 -1.73031 	15.0440 -47.9228 41.5363 	13.8595 -47.4813 40.8702 	1.00000	1.00000	1.00000	1
3.05568 1.66745 4.03212 	1.95856 0.260827 2.05578 	15.9256 13.8771 24.6896 	16.6973 14.3340 25.6357 	1.00000	1.00000	1.00000	1
4.06857 0.329250 3.50364 	0.0324109 -0.714358 1.23610 	-9.89640 -4.99757 30.7162 	-9.00065 -5.76429 31.6279 	1.00000	1.00000	1.00000	1
4.21880 0.682533 2.36981 	0.144172 0.422262 0.748884 	-11.6698 16.8546 -29.8470 	-10.9201 17.1164 -28.8760 	1.00000	1.00000	1.00000	1
4.44311 2.20162 2.32437 	-2.05068 1.39892 0.865380 	8.08765 19.4189 -0.638652 	6.45600 19.3491 0.189876 	1.00000	1.00000	1.00000	1
3.86956 1.85197 5.20158 	-0.792523 0.229058 1.00712 	-4.19160 1.34827 -19.0450 	-5.19820 2.22860 -18.1313 	1.00000	1.00000	1.00000	1
3.61056 1.31959 6.21090 	-1.34562 -2.15763 0.0600430 	-34.0936 -11.2958 -13.2618 	-34.3744 -12.1042 -12.3879 	1.00000	1.00000	1.00000	1
2.82428 1.18337 5.28447 	1.86556 0.796131 -0.736011 	45.7497 4.75957 -47.6518 	45.6087 5.10074 -47.5543 	1.00000	1.00000	1.00000	1
2.72467 0.545239 6.29383 	-0.722828 0.435379 2.01400 	6.99380 -34.4102 -29.0704 	5.51142 -33.5475 -28.3452 	1.00000	1.00000	1.00000	1
3.97670 0.415736 5.32950 	-0.986173 -1.50053 1.12225 	-16.1585 -27.6888 44.5724 	-16.9842 -28.1314 44.5691 	1.00000	1.00000	1.00000	1
2.80477 1.95053 6.12264 	0.502932 3.30106 -0.653159 	-8.76602 -15.2108 -3.87978 	-10.3260 -12.5572 -5.06085 	1.00000	1.00000	1.00000	1
3.48109 0.369631 7.38839 	0.141931 0.556006 0.321971 	42.2124 131.768 4.59824 	41.8915 132.121 4.81577 	1.00000	1.00000	1.00000	1
3.44927 1.55138 8.13951 	1.87841 2.54697 -2.78967 	10.3469 50.3145 82.3499 	10.3174 50.5505 81.0300 	1.00000	1.00000	1.00000	1
2.97407 1.45967 7.11343 	-2.40138 -1.95562 1.19122 	-34.1296 35.1456 -41.2028 	-35.2128 33.5928 -39.9393 	1.00000	1.00000	1.00000	1
3.47860 0.116213 8.51546 	-1.15545 0.842968 -0.935691 	-1.50185 -61.2891 -49.8872 	-1.86224 -59.8960 -51.2220 	1.00000	1.00000	1.00000	1
2.58309 0.687666 8.34432 	-1.17363 -1.35871 0.309477 	1.06345 9.41084 -66.2464 	-0.186039 7.46389 -66.6184 	1.00000	1.00000	1.00000	1
3.81186 2.08664 7.23891 	0.661470 1.91666 -2.41300 	-13.8080 -11.4950 -5.97018 	-13.8574 -9.49178 -7.14058 	1.00000	1.00000	1.00000	1
2.49749 2.08968 8.04181 	-0.420858 -0.269284 0.0736048 	-37.7904 13.2909 33.1810 	-37.6781 13.0521 33.2650 	1.00000	1.00000	1.00000	1
2.45409 1.72913 9.17348 	-0.113487 -0.680089 -0.878651 	-1.15606 29.0379 -57.2962 	-1.01636 28.3452 -57.9819 	1.00000	1.00000	1.00000	1
4.46260 1.36377 7.31084 	-0.648897 -1.62493 0.846564 	45.0381 -40.3453 9.86732 	45.3470 -43.2579 10.0478 	1.00000	1.00000	1.00000	1
4.58604 1.05823 8.47838 	-0.639024 -0.821113 0.282516 	41.5789 9.28753 -83.5718 	35.3932 12.3544 -75.6160 	1.00000	1.00000	1.00000	1
2.30450 0.0693701 7.22558 	2.77736 1.82639 -1.17323 	66.2640 -10.6473 49.1915 	67.4982 -10.2500 48.4487 	1.00000	1.00000	1.00000	1
3.38578 3.21746 0.903314 	-1.53534 2.01125 0.458245 	30.7727 17.0410 8.57068 	30.5483 18.1851 9.16981 	1.00000	1.00000	1.00000	1
3.22083 4.19182 1.58804 	-2.75891 -1.90096 0.680551 	40.6568 -43.3991 26.0322 	39.5646 -43.9364 26.5753 	1.00000	1.00000	1.00000	1
4.32130 4.05556 0.923966 	0.152764 0.672497 1.75704 	-0.822747 16.7561 38.2143 	-0.453927 17.0631 38.5644 	1.00000	1.00000	1.00000	1
4.15902 3.32526 2.21015 	-0.379346 -1.18777 -0.582619 	-1.46268 -3.88164 9.19911 	-1.17173 -4.62069 9.15191 	1.00000	1.00000	1.00000	1
3.31594 2.61368 2.02339 	-2.61268 -3.48722 0.462924 	3.85994 63.2148 8.88786 	2.45541 60.4347 9.80330 	1.00000	1.00000	1.00000	1
2.61226 2.53590 0.924502 	-1.46933 -0.641719 2.31587 	-56.5874 44.2039 -34.5806 	-56.3030 42.5580 -34.4829 	1.00000	1.00000	1.00000	1
2.53715 3.19552 1.72799 	-0.958492 0.676846 3.47996 	-52.3826 22.4614 58.4108 	-52.6961 22.4063 60.5223 	1.00000	1.00000	1.00000	1
2.45969 3.95429 0.811742 	-0.659831 -1.05435 -0.317762 	12.7362 18.1643 -30.3236 	12.3652 17.2903 -31.0789 	1.00000	1.00000	1.00000	1
4.08730 2.96717 3.20683 	0.420221 -0.565027 -1.63402 	37.7641 -30.0205 6.03878 	37.5138 -30.0930 5.35115 	1.00000	1.00000	1.00000	1
4.07372 3.85020 3.91735 	0.721335 -1.48643 0.323934 	23.8421 -9.39267 13.5793 	24.6336 -10.7457 14.5514 	1.00000	1.00000	1.00000	1
4.13657 4.24047 3.03760 	0.809184 -1.28025 -0.931701 	48.6389 -5.89075 -23.9653 	50.5747 -7.30887 -24.9347 	1.00000	1.00000	1.00000	1
3.16918 3.73265 2.97153 	0.000245684 1.23787 0.100581 	39.1218 14.4536 -2.08513 	39.4958 14.6966 -2.28155 	1.00000	1.00000	1.00000	1
3.00840 4.32343 3.83577 	-1.69287 -0.569773 0.0284022 	30.0660 74.2432 -21.8631 	29.7174 74.2082 -22.6056 	1.00000	1.00000	1.00000	1
3.85456 2.38247 4.24584 	0.491656 -1.86037 -0.494457 	-21.6490 -24.3920 40.8012 	-22.2511 -26.1207 39.2497 	1.00000	1.00000	1.00000	1
3.03625 2.33497 3.01574 	0.0823394 1.22225 1.88256 	91.2272 -38.7111 -3.98349 	90.8566 -37.1779 -3.08734 	1.00000	1.00000	1.00000	1
2.97096 3.56503 5.99022 	-0.240800 -0.593243 -0.207095 	-33.2866 -37.5963 -33.5398 	-38.6732 -45.3150 -38.0280 	1.00000	1.00000	1.00000	1
3.86532 2.93620 5.06910 	-0.891189 -0.898883 1.78925 	76.2434 55.4159 -23.3866 	75.7480 55.0436 -21.6601 	1.00000	1.00000	1.00000	1
4.09166 4.07411 6.06024 	-1.12549 -0.508242 1.54153 	-31.6015 -18.2759 19.5756 	-31.8142 -18.7926 20.1725 	1.00000	1.00000	1.00000	1
3.14100 3.92821 5.06806 	-0.882620 0.0418862 -1.10278 	9.07717 -1.93197 -25.8549 	20.3152 -35.5847 3.08354 	1.00000	1.00000	1.00000	1
3.75207 2.61724 6.30350 	2.81000 0.206335 1.03724 	3.54290 -53.4062 8.22833 	-11.8453 -16.4533 -26.7270 	1.00000	1.00000	1.00000	1
2.97158 2.43826 5.18109 	0.0235952 -1.35239 0.597501 	-17.7531 15.2291 -18.8751 	-16.7691 14.4050 -18.7187 	1.00000	1.00000	1.00000	1
2.69713 4.52913 5.81089 	0.0191827 0.761127 0.554648 	47.2848 29.2642 29.2933 	47.0882 29.8928 30.2375 	1.00000	1.00000	1.00000	1
3.29122 2.82250 7.96659 	-0.405580 2.16792 -0.507704 	-10.5382 -25.2090 -28.7791 	-11.2009 -23.9586 -28.7714 	1.00000	1.00000	1.00000	1
2.65197 3.62106 7.90810 	-0.980468 -0.196147 3.21160 	-31.0433 -0.707477 59.9601 	-40.0187 -3.64188 65.3993 	1.00000	1.00000	1.00000	1
2.91164 2.62652 6.91571 	-0.799050 -1.28418 -1.18484 	-65.7499 -0.944742 63.9952 	-66.2044 -1.66083 62.9519 	1.00000	1.00000	1.00000	1
3.65911 4.34772 8.22082 	-0.294039 -0.686132 1.03794 	-70.7674 63.6328 -58.7889 	-66.7102 54.0775 -56.7088 	1.00000	1.00000	1.00000	1
3.54550 3.58312 7.03042 	-0.667885 -0.704117 -0.303351 	-20.4328 -12.0237 48.7124 	-20.7720 -12.2801 48.3260 	1.00000	1.00000	1.00000	1
4.36094 4.34030 9.12688 	-0.953320 -0.887118 0.542450 	15.1631 27.4493 -3.97439 	14.1144 27.0649 -3.88423 	1.00000	1.00000	1.00000	1
2.49297 2.79652 8.90012 	-0.101966 -1.87907 0.112647 	-17.4577 -4.26834 53.3608 	-17.3552 -5.81376 53.3285 	1.00000	1.00000	1.00000	1
4.41017 3.65032 8.31726 	-0.509185 -2.58093 0.266931 	58.9196 -49.7589 -14.7428 	58.9416 -51.4379 -14.7270 	1.00000	1.00000	1.00000	1
2.60383 4.07318 7.02719 	0.699233 0.867395 0.783025 	57.2634 14.3498 -64.1085 	57.7685 16.5581 -62.2716 	1.00000	1.00000	1.00000	1
3.48814 3.66682 9.09838 	1.60164 0.693348 -0.632280 	-21.1086 3.67711 58.5929 	-19.5207 3.45373 58.4407 	1.00000	1.00000	1.00000	1
2.36776 4.40486 8.95049 	1.33268 3.99509 -3.06102 	-2.88679 63.4932 -8.61251 	-5.92175 73.3144 -12.3344 	1.00000	1.00000	1.00000	1
3.34658 5.36845 1.70650 	-0.0998552 1.15935 -1.52037 	-40.4818 -41.9584 -66.4108 	-41.2909 -40.5669 -68.3342 	1.00000	1.00000	1.00000	1
3.29466 6.29331 0.684916 	-0.137481 -1.13621 0.332946 	0.201425 -106.249 5.94386 	-0.534044 -106.031 6.42282 	1.00000	1.00000	1.00000	1
4.33531 5.20824 1.13286 	-4.01965 -4.44570 0.124633 	-17.7684 48.5019 -39.8410 	-20.7784 46.3660 -40.1561 	1.00000	1.00000	1.00000	1
4.13386 6.17661 1.64976 	4.28114 -0.652934 0.396683 	77.0241 44.5797 -26.4623 	95.8249 43.6718 -34.2041 	1.00000	1.00000	1.00000	1
3.19005 4.69498 0.491623 	3.50936 1.95036 2.02508 	-31.9202 -11.9820 38.9300 	-30.6140 -10.9338 39.9622 	1.00000	1.00000	1.00000	1
4.25264 4.90940 2.07791 	3.92301 -0.943694 0.425199 	23.4218 -69.5165 -4.70559 	24.3913 -73.2779 -7.12800 	1.00000	1.00000	1.00000	1
2.36548 5.31882 0.534088 	1.78034 0.887008 -0.913625 	2.01661 -30.9505 42.2771 	2.56170 -30.5339 42.7712 	1.00000	1.00000	1.00000	1
2.37191 6.89323 0.552215 	0.727363 -1.18287 -2.17835 	18.5649 -62.6995 -35.5734 	20.0056 -62.7855 -36.8263 	1.00000	1.00000	1.00000	1
4.01769 5.11148 3.60316 	1.18544 -0.637900 4.11468 	15.7607 -2.53788 21.3686 	16.7925 -2.42492 23.1679 	1.00000	1.00000	1.00000	1
3.16498 5.97323 3.65515 	2.96967 -2.39274 0.998564 	-27.5387 -36.2250 -11.1929 	-26.5513 -36.0390 -10.9235 	1.00000	1.00000	1.00000	1
3.08717 4.94241 2.87698 	1.37759 1.80608 -0.570835 	47.7577 -48.7265 29.4253 	50.6941 -46.9455 29.5110 	1.00000	1.00000	1.00000	1
3.38578 6.22621 2.73739 	-3.10369 1.52434 -0.0694115 	-75.2522 23.6851 -62.0000 	-76.1043 23.7854 -63.0036 	1.00000	1.00000	1.00000	1
4.23753 5.71868 2.53650 	-2.18072 1.02300 2.44377 	31.4182 5.46921 90.8140 	31.4157 9.27866 93.3555 	1.00000	1.00000	1.00000	1
4.00424 6.67783 3.63028 	-1.92981 -1.18863 -0.308628 	-12.7320 -48.3495 69.5201 	-13.7987 -48.8097 69.2961 	1.00000	1.00000	1.00000	1
2.98244 5.39581 4.47523 	-4.11700 -1.95364 2.36135 	13.1057 18.9182 132.246 	12.3868 18.3211 134.159 	1.00000	1.00000	1.00000	1
2.87357 6.05214 5.75624 	-0.457183 -2.15851 -1.55744 	-128.539 -165.722 20.5122 	-132.271 -168.008 21.1881 	1.00000	1.00000	1.00000	1
3.73187 5.53724 5.87818 	-1.30995 -3.72594 0.687059 	52.8659 -28.8140 -28.5480 	52.4436 -32.1894 -27.4607 	1.00000	1.00000	1.00000	1
3.99045 5.94514 4.90367 	0.834511 3.85647 -4.33348 	25.6245 -13.0982 -77.5573 	25.9674 -11.9112 -80.4449 	1.00000	1.00000	1.00000	1
2.69084 5.62248 6.77959 	1.35512 1.00009 0.347483 	14.3085 0.399692 -76.6004 	15.1822 1.28176 -75.4201 	1.00000	1.00000	1.00000	1
3.95634 6.02200 6.87090 	-0.512706 3.01580 0.752829 	-45.3414 41.7726 -15.4970 	-45.1117 42.0662 -14.1647 	1.00000	1.00000	1.00000	1
2.76781 6.63140 6.65248 	0.697094 -0.534383 1.03733 	-8.64923 9.19750 -17.5148 	-8.50932 8.80777 -17.2154 	1.00000	1.00000	1.00000	1
3.60459 6.53315 5.73725 	-0.683295 0.724532 4.07833 	195.642 164.954 -4.67129 	198.715 168.311 -4.22587 	1.00000	1.00000	1.00000	1
3.72457 4.69930 4.99670 	-0.808563 -2.18530 0.883755 	52.4021 -71.4949 14.9655 	51.6004 -73.3953 14.7888 	1.00000	1.00000	1.00000	1
2.99189 6.56167 4.74103 	-0.801387 0.533994 4.26622 	-26.9558 -3.94823 -71.6261 	-34.3331 -4.70628 -62.3699 	1.00000	1.00000	1.00000	1
3.48791 5.72212 7.96290 	0.139147 1.47638 -1.39417 	84.1334 35.0990 -149.760 	83.6968 35.8134 -152.395 	1.00000	1.00000	1.00000	1
3.53046 5.39168 8.84842 	-0.0888969 -1.14374 0.0899721 	3.72190 -60.0703 40.8199 	3.88564 -60.7954 43.1704 	1.00000	1.00000	1.00000	1
2.74063 6.40528 7.75592 	-1.86172 0.167320 -0.755366 	-29.2946 -29.8403 7.49083 	-33.7735 -20.5533 5.14978 	1.00000	1.00000	1.00000	1
3.34189 6.63040 8.70892 	-1.74591 2.27272 -0.920106 	-23.3883 38.4290 -19.8696 	-23.2223 38.7136 -19.5454 	1.00000	1.00000	1.00000	1
2.53503 5.76732 8.72701 	-0.428166 1.45930 -4.56550 	56.5750 -38.9091 37.7933 	56.3745 -38.5809 35.1752 	1.00000	1.00000	1.00000	1
2.45417 4.66922 7.77587 	-1.52420 -0.547497 -2.04469 	7.82975 86.4837 18.8452 	6.55977 84.8619 15.8068 	1.00000	1.00000	1.00000	1
3.25595 8.33593 1.22453 	-2.40182 -1.61334 -1.18118 	53.0136 -8.62685 -5.98716 	50.2494 -9.20474 -7.80678 	1.00000	1.00000	1.00000	1
3.41455 8.83840 0.170967 	-3.01853 0.755114 0.732694 	-41.1276 9.43073 22.0645 	-41.9695 8.67935 23.1598 	1.00000	1.00000	1.00000	1
3.82695 7.25362 0.651217 	0.600797 0.223802 -1.83648 	-72.4478 38.5021 -7.07173 	-72.0050 38.5682 -7.82689 	1.00000	1.00000	1.00000	1
4.23420 8.21503 0.625938 	-2.84924 0.709376 1.94646 	-20.9403 6.42440 -20.3090 	-21.2523 6.15932 -20.2218 	1.00000	1.00000	1.00000	1
4.38573 7.63500 1.67960 	-0.565343 1.31705 1.21411 	63.5777 13.9271 -27.5581 	62.9169 13.9462 -26.4007 	1.00000	1.00000	1.00000	1
4.23939 9.14365 1.52233 	2.06163 3.68852 -1.37246 	30.1612 36.1573 -78.1340 	49.2074 1.49182 -41.9532 	1.00000	1.00000	1.00000	1
2.60940 8.30914 0.487372 	1.52984 -4.82992 1.15554 	-45.0481 -75.8175 -64.1031 	-33.5064 -87.3819 -58.4634 	1.00000	1.00000	1.00000	1
3.16824 7.33727 1.72143 	2.39840 -2.85665 -1.30869 	43.8261 -63.0177 -33.1958 	46.1670 -66.1496 -33.5144 	1.00000	1.00000	1.00000	1
2.37511 8.36415 2.11092 	1.78320 -1.11544 -2.13201 	15.1302 27.0770 -13.0831 	15.6633 26.7395 -12.7951 	1.00000	1.00000	1.00000	1
3.02592 7.10549 3.40441 	0.233665 1.16282 -2.67213 	-2.52095 58.3316 34.5857 	-2.23258 59.0779 33.3607 	1.00000	1.00000	1.00000	1
2.87495 8.46613 3.29668 	0.0983524 -3.97565 -1.83219 	49.8767 51.4962 45.4686 	51.0658 49.6275 43.9245 	1.00000	1.00000	1.00000	1
4.21594 7.92192 3.56880 	0.341770 -2.48272 1.47382 	-77.3535 -0.436062 15.5640 	-77.0894 -2.66970 15.3730 	1.00000	1.00000	1.00000	1
3.18582 7.80303 2.61071 	0.871157 1.28890 -1.16653 	-11.1789 5.59229 3.49919 	-11.3702 7.46832 5.27304 	1.00000	1.00000	1.00000	1
3.07458 8.02590 4.38442 	0.174201 0.971307 -1.79042 	-19.6714 -18.9679 -17.1141 	-19.2852 -17.8648 -17.4666 	1.00000	1.00000	1.00000	1
4.05722 6.99614 2.59941 	4.69739 -0.993458 -1.67336 	31.3267 42.7821 53.8693 	32.3482 43.1319 53.2424 	1.00000	1.00000	1.00000	1
2.92241 9.14921 2.37895 	-0.818283 -1.02737 1.91458 	135.075 34.4917 69.3565 	134.086 34.7913 69.9508 	1.00000	1.00000	1.00000	1
3.90737 8.76101 4.50750 	-0.649338 -1.42804 -2.25986 	24.3069 8.14448 30.3117 	23.4662 7.33083 30.2160 	1.00000	1.00000	1.00000	1
4.15263 7.42847 4.58753 	-0.487257 -0.930709 -0.694770 	-78.9738 52.2792 -1.12261 	-79.5333 52.2428 -1.49470 	1.00000	1.00000	1.00000	1
2.82073 8.45541 6.58687 	2.41707 -0.617000 3.98553 	-0.699113 -37.5181 -10.1230 	1.48348 -37.9201 -8.81605 	1.00000	1.00000	1.00000	1
3.91034 8.05097 5.58314 	0.372368 1.52393 1.66988 	-1.40746 59.9919 25.3018 	-1.46992 60.9284 25.7261 	1.00000	1.00000	1.00000	1
2.74146 7.57427 5.58739 	-2.17960 -0.640202 -0.0540979 	52.8335 17.2055 19.1340 	51.7553 16.7578 19.2323 	1.00000	1.00000	1.00000	1
2.87039 8.62804 5.28551 	-1.29041 -1.05083 0.416692 	43.2654 34.8597 -7.95237 	43.3890 34.5433 -7.12786 	1.00000	1.00000	1.00000	1
3.74439 7.79501 6.67136 	-5.47371 -1.59669 0.540143 	-11.3708 -60.0267 -44.1456 	-18.1258 -62.6728 -44.2750 	1.00000	1.00000	1.00000	1
3.69212 8.94370 6.28124 	0.746188 0.966593 2.15587 	-4.49395 -42.8172 8.79395 	-4.67436 -42.4392 9.54813 	1.00000	1.00000	1.00000	1
4.58903 8.27411 6.71441 	0.571409 1.71176 0.806610 	17.0190 29.1673 43.4324 	21.5300 32.4794 44.4883 	1.00000	1.00000	1.00000	1
3.44407 8.65446 7.62012 	0.179095 0.731898 1.94145 	4.75474 -84.3662 1.09180 	4.89988 -84.4601 1.52054 	1.00000	1.00000	1.00000	1
3.60868 8.02435 8.83051 	-3.47516 -0.508666 2.18386 	-0.908070 16.9498 -45.8887 	-3.12268 15.3910 -44.3023 	1.00000	1.00000	1.00000	1
3.85354 7.17016 7.75741 	1.65677 -1.97166 -2.04375 	-13.5652 -1.00872 13.9819 	-13.6779 -2.02272 13.4725 	1.00000	1.00000	1.00000	1
2.60694 7.60342 7.46200 	-0.325195 3.08966 -1.21718 	58.9766 59.9989 65.3412 	59.5757 60.9257 65.1083 	1.00000	1.00000	1.00000	1
4.50586 7.27530 8.77227 	0.296652 -0.149217 -2.41504 	15.0025 35.8201 39.0644 	15.9305 35.5546 37.3642 	1.00000	1.00000	1.00000	1
4.39254 8.67892 8.45774 	4.60990 0.428948 -0.593156 	-27.3300 -26.6788 -12.0232 	-25.2662 -26.1172 -12.6317 	1.00000	1.00000	1.00000	1
2.58800 8.82089 8.17794 	-0.339589 4.05147 -0.754413 	37.1357 -64.4379 39.5021 	36.9686 -62.8262 39.6882 	1.00000	1.00000	1.00000	1
4.54522 9.03214 7.39505 	0.193072 0.727136 -0.134796 	82.9981 57.1570 0.542682 	82.6576 57.2350 -0.717691 	1.00000	1.00000	1.00000	1
2.31622 7.28030 8.40721 	1.80158 0.516510 0.944283 	-21.5291 52.8673 45.7084 	-20.0280 53.6852 46.2907 	1.00000	1.00000	1.00000	1
5.39245 0.901017 0.377730 	-1.81316 -0.632157 0.355244 	-34.0906 56.4455 14.2490 	-34.1728 55.2841 13.5570 	1.00000	1.00000	1.00000	1
6.19469 1.33254 1.64973 	1.08057 -2.40370 3.43100 	79.8481 -30.3354 -9.71186 	79.9226 -31.6898 -7.57744 	1.00000	1.00000	1.00000	1
5.38990 0.542911 1.25052 	1.88990 0.279926 1.04823 	-14.1729 -17.6737 82.8247 	-13.7091 -18.2430 83.5330 	1.00000	1.00000	1.00000	1
6.47750 1.69212 0.665079 	-2.46034 0.0190393 2.71870 	14.5787 11.5450 -8.76406 	13.1905 11.6833 -8.53563 	1.00000	1.00000	1.00000	1
5.39753 2.02546 1.18830 	-0.877442 -0.249923 -1.05899 	-36.0281 -43.4082 28.7869 	-37.5156 -43.4295 28.5793 	1.00000	1.00000	1.00000	1
5.18281 0.734009 3.42177 	2.29426 1.68611 -3.55128 	-93.5499 13.8546 19.4167 	-90.0760 13.9221 16.7086 	1.00000	1.00000	1.00000	1
6.34006 1.65998 3.18285 	-1.18484 -0.913858 -1.77560 	-46.4504 -131.670 -3.77559 	-46.2624 -131.681 -5.27617 	1.00000	1.00000	1.00000	1
6.13923 0.715964 2.67147 	-0.148613 -0.325386 0.0556290 	63.2909 12.5191 -23.2947 	62.9339 12.3738 -21.5168 	1.00000	1.00000	1.00000	1
4.93510 0.420940 4.37244 	1.98328 -0.159185 -0.448043 	-25.5719 -66.0720 51.4918 	-24.7085 -66.1332 52.6380 	1.00000	1.00000	1.00000	1
5.85115 0.986575 4.07878 	-3.41817 1.08628 -0.0599972 	26.5503 -0.384403 65.4561 	18.8032 4.13582 70.5037 	1.00000	1.00000	1.00000	1
5.19903 1.23447 2.61701 	-0.593618 1.30463 -2.64087 	-17.6873 84.9664 -58.7049 	-17.9225 84.2226 -58.5843 	1.00000	1.00000	1.00000	1
6.23891 2.17077 2.32986 	1.11155 -0.264108 0.599784 	-55.3716 -11.5325 -41.6679 	-55.3481 -12.7148 -40.6629 	1.00000	1.00000	1.00000	1
5.85632 0.0428642 3.46364 	-1.20388 3.47164 -1.10803 	85.5077 18.8404 8.02990 	82.7360 22.0870 7.39370 	1.00000	1.00000	1.00000	1
6.14250 2.28183 4.43965 	0.862996 -1.38768 0.119958 	-16.4859 11.2329 20.0810 	-15.8261 10.2972 19.6737 	1.00000	1.00000	1.00000	1
5.86812 0.400930 5.59933 	1.40556 -2.22364 0.598413 	19.3804 5.45678 4.33199 	20.4027 3.61656 5.79690 	1.00000	1.00000	1.00000	1
5.90288 1.86512 5.32547 	-1.53237 -2.70616 1.65904 	67.3755 32.1038 45.3971 	60.3671 30.4704 45.5171 	1.00000	1.00000	1.00000	1
5.12002 1.01203 5.39394 	0.575066 0.479576 1.49002 	-47.5166 -16.0741 55.3976 	-48.2021 -13.7968 55.9603 	1.00000	1.00000	1.00000	1
5.02006 1.95568 6.26267 	0.378709 2.46124 -0.203678 	-65.7472 -27.8986 -13.1288 	-66.0544 -26.6451 -13.2828 	1.00000	1.00000	1.00000	1
5.84412 1.31620 6.35099 	2.26114 -0.519098 -0.437465 	18.7208 -37.9463 38.9817 	19.9143 -38.1994 39.0103 	1.00000	1.00000	1.00000	1
4.83743 0.580310 6.43217 	1.33375 -1.97224 1.90309 	-20.7892 -13.6285 41.8267 	-19.5807 -14.3217 42.2907 	1.00000	1.00000	1.00000	1
6.77923 0.851887 6.85355 	1.72595 2.23292 -2.35574 	95.2312 -131.927 -83.3722 	94.8757 -133.092 -85.9451 	1.00000	1.00000	1.00000	1
5.10167 1.79029 4.88795 	0.551657 0.961760 3.36089 	-120.919 28.3141 -167.437 	-116.237 28.5014 -163.592 	1.00000	1.00000	1.00000	1
5.70905 1.47152 8.56015 	3.91521 -0.141429 -2.19151 	-48.5609 6.68106 -56.8159 	-47.1192 6.88231 -57.5131 	1.00000	1.00000	1.00000	1
5.84665 0.655563 7.68330 	-0.792904 -0.970353 -4.50588 	-20.9185 21.2754 -10.7886 	-23.0913 21.7230 -12.5717 	1.00000	1.00000	1.00000	1
6.79948 0.871557 8.78478 	-1.60499 2.26164 -1.33109 	-18.0832 28.2979 -17.2308 	-18.8881 29.0929 -17.5547 	1.00000	1.00000	1.00000	1
5.36954 1.80073 7.32663 	2.30613 -2.83114 0.250116 	-54.0188 35.6681 13.2117 	-53.0656 35.3730 13.7302 	1.00000	1.00000	1.00000	1
5.56800 0.357175 8.75855 	-3.27309 3.45992 1.31863 	-19.3094 -62.6967 -14.1758 	-20.2150 -60.1127 -13.3982 	1.00000	1.00000	1.00000	1
6.59921 0.0279072 7.74917 	1.32720 -5.27758 -0.682131 	14.8104 55.2124 32.5246 	26.7236 46.3349 26.7081 	1.00000	1.00000	1.00000	1
6.63514 1.50053 7.46315 	-2.16366 -1.33874 2.78171 	-6.10887 100.672 185.488 	-6.56816 102.723 187.446 	1.00000	1.00000	1.00000	1
6.82160 2.22099 8.68488 	-1.38742 1.33634 0.417760 	10.6785 28.5223 -25.2519 	8.89378 30.0629 -25.3363 	1.00000	1.00000	1.00000	1
4.66812 2.22642 8.31460 	-0.929569 2.37200 2.63411 	-92.3582 -70.6173 36.6531 	-92.3655 -70.1223 38.4071 	1.00000	1.00000	1.00000	1
6.21453 2.65393 1.31000 	3.31003 0.491583 2.03876 	-29.8239 -10.5437 15.8675 	-23.8778 -11.9761 26.8354 	1.00000	1.00000	1.00000	1
6.42586 3.90921 1.43435 	0.590421 0.359865 1.10742 	20.2138 20.5552 -75.8923 	24.1519 11.8257 -74.9238 	1.00000	1.00000	1.00000	1
5.37153 3.24724 1.21614 	0.485202 -0.460691 1.62394 	-44.3250 -26.2424 61.9323 	-44.8913 -26.2148 62.8462 	1.00000	1.00000	1.00000	1
5.44476 3.69000 0.206128 	1.21320 -2.35877 0.0409653 	26.1122 46.5519 20.6375 	27.1436 44.4252 20.6921 	1.00000	1.00000	1.00000	1
6.23242 2.98728 0.117329 	-3.58944 0.0125312 -0.261838 	78.8401 86.0549 31.8510 	74.1982 83.8807 33.1030 	1.00000	1.00000	1.00000	1
5.44736 2.50437 0.0899655 	-1.34314 -0.0362807 0.516855 	-62.4244 -71.8176 -6.80349 	-60.6179 -70.3258 -6.19046 	1.00000	1.00000	1.00000	1
4.61062 3.15772 0.226797 	-0.530406 -1.18253 -0.648610 	29.7632 -29.9305 -9.16012 	28.4925 -30.1581 -9.47689 	1.00000	1.00000	1.00000	1
5.36179 4.53585 1.00837 	-1.61597 0.0228372 -0.495629 	-35.5563 16.3026 -7.54106 	-36.7012 16.2179 -7.53188 	1.00000	1.00000	1.00000	1
5.32169 2.71960 2.23309 	-0.736776 -0.161833 -1.86813 	40.7222 -3.40234 26.5477 	40.3463 -3.29334 26.4085 	1.00000	1.00000	1.00000	1
5.17226 3.64168 3.31644 	-1.47224 0.689750 -1.23342 	-39.6864 26.2647 -30.6274 	-41.4693 27.1103 -31.9616 	1.00000	1.00000	1.00000	1
6.26205 3.05606 3.33350 	0.466704 0.767935 -1.13063 	-39.6259 8.43166 11.9354 	-39.8489 8.09605 11.1686 	1.00000	1.00000	1.00000	1
6.20857 4.35416 3.31393 	-0.707022 -2.14453 0.428241 	6.98198 55.2529 -144.897 	5.56412 53.8010 -141.678 	1.00000	1.00000	1.00000	1
6.17724 3.96385 4.12474 	-0.903099 3.49359 2.23020 	-87.8549 -37.0707 104.665 	-88.5570 -34.7700 103.431 	1.00000	1.00000	1.00000	1
5.18413 3.10879 4.41222 	-0.174716 1.76578 -5.13255 	2.57421 -20.6271 -64.3475 	3.80473 -18.7940 -69.0591 	1.00000	1.00000	1.00000	1
6.16408 3.48621 2.32358 	0.956865 0.303736 -0.0714493 	-12.8768 45.2610 10.9414 	-12.3378 46.1096 11.1797 	1.00000	1.00000	1.00000	1
6.83396 3.17813 4.41888 	-0.964075 -1.14924 -0.801635 	59.7693 -35.5801 28.3081 	59.3004 -36.1029 28.7797 	1.00000	1.00000	1.00000	1
5.56928 2.31049 3.23449 	0.770469 2.50364 -2.79822 	-70.5366 -51.4400 2.34439 	-71.4854 -55.7672 -8.05869 	1.00000	1.00000	1.00000	1
5.71485 2.70698 6.70500 	-1.69630 1.43838 0.621129 	81.5737 11.0808 -59.7239 	79.4184 14.4311 -59.8198 	1.00000	1.00000	1.00000	1
5.37473 4.17853 6.35787 	-1.53902 -3.28009 0.413133 	65.6319 -56.7925 35.7475 	68.3654 -62.7444 38.9388 	1.00000	1.00000	1.00000	1
4.83155 3.96449 5.09369 	0.00254365 0.0677421 1.80452 	28.2691 -16.0134 35.2558 	28.5894 -15.4973 36.2794 	1.00000	1.00000	1.00000	1
5.88440 3.30567 5.28507 	1.17826 -0.407630 1.86947 	30.3753 -40.1688 38.7945 	31.9106 -26.5739 53.2209 	1.00000	1.00000	1.00000	1
4.96055 3.24737 6.30198 	2.80093 -3.81600 -0.0866460 	-30.0719 66.7685 27.5618 	-19.8161 61.3732 33.9880 	1.00000	1.00000	1.00000	1
4.95019 2.73423 5.30496 	0.180688 1.75238 -0.961524 	-21.0346 -40.3146 26.0378 	-21.6240 -40.1332 26.6334 	1.00000	1.00000	1.00000	1
6.69758 3.34283 6.51960 	1.19563 1.18561 -0.0609734 	30.4573 61.0277 -3.01812 	30.9889 62.0736 -2.56408 	1.00000	1.00000	1.00000	1
5.73887 3.53027 7.22026 	2.50688 -0.379635 -3.66360 	8.52988 3.77335 85.0454 	10.5726 1.19996 81.6898 	1.00000	1.00000	1.00000	1
5.34173 3.00352 8.40990 	-0.465150 3.66025 0.243543 	84.5592 62.7147 -61.7057 	81.2492 66.5118 -72.0363 	1.00000	1.00000	1.00000	1
6.56640 3.62134 8.63033 	1.67911 0.929064 -2.44410 	7.63297 10.7250 -56.1213 	9.71150 11.4559 -59.1614 	1.00000	1.00000	1.00000	1
4.81062 4.09670 7.26665 	-0.472334 4.15550 -2.34562 	-34.7137 -9.38969 -64.5539 	-25.5637 -5.67260 -69.1791 	1.00000	1.00000	1.00000	1
4.78955 3.03671 7.30441 	-2.17660 2.20623 -0.524500 	-11.3411 -45.9311 -25.7851 	-12.8343 -46.3219 -25.5251 	1.00000	1.00000	1.00000	1
6.71569 4.37097 7.45272 	0.804103 0.241067 -0.438457 	33.5146 -66.0503 13.0816 	33.3758 -64.9857 12.4889 	1.00000	1.00000	1.00000	1
6.76196 3.14219 7.64473 	0.791044 -1.76751 0.787962 	61.7980 5.31841 2.11804 	62.4077 5.07461 2.12854 	1.00000	1.00000	1.00000	1
5.59607 5.91888 0.834373 	0.491443 -1.94766 1.51162 	-6.82517 6.90597 -8.62227 	-2.76528 3.51870 3.03475 	1.00000	1.00000	1.00000	1
5.20529 5.43176 1.59395 	1.37203 1.35545 -1.30861 	-60.3355 47.8120 85.5356 	-57.3336 49.9481 84.7246 	1.00000	1.00000	1.00000	1
6.42709 5.25200 1.06202 	-2.77672 2.19956 2.03170 	-1.72236 13.2437 38.9278 	-2.51071 14.6625 40.8928 	1.00000	1.00000	1.00000	1
6.36714 6.09461 1.91220 	0.171713 1.03991 1.67384 	-5.39044 46.6141 0.893677 	-4.13378 46.9489 1.95431 	1.00000	1.00000	1.00000	1
6.22963 6.72286 0.881160 	-0.699931 -0.879967 -2.27769 	2.09745 31.3417 42.0772 	-6.61772 28.5467 45.2851 	1.00000	1.00000	1.00000	1
6.34256 4.61456 0.221987 	1.96485 -0.149712 0.163059 	31.5480 23.4936 -2.15398 	32.8432 23.4444 -2.95529 	1.00000	1.00000	1.00000	1
4.76405 6.70773 0.798906 	-2.21565 -0.341938 -3.04951 	40.3000 -26.5436 -23.2093 	43.2367 -29.8812 -31.6397 	1.00000	1.00000	1.00000	1
6.02822 5.36703 3.92596 	-0.859619 -0.763633 2.62948 	5.67866 -24.4395 -3.81875 	5.62702 -24.5574 -2.34407 	1.00000	1.00000	1.00000	1
6.01468 5.80625 2.95788 	-0.365444 0.384390 -5.03546 	45.7948 -51.3669 -14.9606 	46.5027 -51.2260 -18.5882 	1.00000	1.00000	1.00000	1
5.27952 6.02168 3.88360 	-0.410600 -0.298494 2.43868 	-43.5725 -14.4246 -23.7325 	-44.0023 -14.2670 -22.5732 	1.00000	1.00000	1.00000	1
6.33504 6.59657 4.11980 	-1.33331 -0.629748 2.47136 	-52.3714 -19.2659 -14.2458 	-52.7596 -17.8422 -12.6207 	1.00000	1.00000	1.00000	1
5.14908 4.93858 3.15907 	1.42591 -2.86745 -0.921775 	-5.04276 20.1394 34.8156 	-4.11157 18.9530 34.7448 	1.00000	1.00000	1.00000	1
5.00854 4.62188 4.19194 	-1.01032 -1.60518 -0.540042 	-14.0500 -0.370361 -58.0523 	-14.6556 -0.958393 -58.2495 	1.00000	1.00000	1.00000	1
6.21921 6.86347 2.98150 	-1.18158 1.25318 -3.91258 	-31.6312 -0.519074 10.9624 	-32.6711 0.629562 10.1370 	1.00000	1.00000	1.00000	1
5.98354 6.01453 5.16995 	0.507111 -1.67996 -0.675248 	-37.3021 -48.8492 -9.86180 	-37.2546 -49.9084 -11.0828 	1.00000	1.00000	1.00000	1
5.88264 5.46126 6.07885 	-0.980096 -4.87657 2.92550 	17.8871 -22.2298 -20.4918 	17.5206 -36.0806 -21.5420 	1.00000	1.00000	1.00000	1
4.81264 6.15797 5.88668 	1.05401 -0.0520552 0.660994 	38.7785 -4.08285 35.7722 	39.1558 -4.44415 35.9989 	1.00000	1.00000	1.00000	1
4.91184 4.89592 5.98167 	0.477395 2.55514 -3.04444 	-88.4399 95.3228 -45.0632 	-91.4360 100.817 -48.3335 	1.00000	1.00000	1.00000	1
5.05623 6.69747 4.79716 	3.13123 0.287752 -0.318277 	-6.61869 -0.998789 -52.5508 	-5.44695 -0.468363 -53.2391 	1.00000	1.00000	1.00000	1
6.05960 4.81220 5.21061 	0.323748 -0.887408 -2.62505 	-34.0096 -25.9573 38.1325 	-33.3275 -26.0950 36.2132 	1.00000	1.00000	1.00000	1
6.69070 6.13914 6.14700 	2.45897 1.85555 0.162025 	28.3018 -63.8986 25.4538 	29.5316 -62.7241 24.9911 	1.00000	1.00000	1.00000	1
6.84772 4.70173 5.90211 	-1.91658 -3.69433 -1.72789 	11.4342 54.0117 59.5731 	10.4202 52.8569 58.2363 	1.00000	1.00000	1.00000	1
5.79754 5.80696 8.15249 	-1.81456 2.37725 -2.03784 	-42.8289 -67.3035 22.3035 	-47.6773 -62.2862 29.8801 	1.00000	1.00000	1.00000	1
6.56596 6.34131 7.98311 	0.901361 -1.54256 0.500708 	32.6065 13.6872 -28.1491 	34.1746 13.1320 -28.3809 	1.00000	1.00000	1.00000	1
5.46622 6.58271 9.03375 	-1.98686 0.573902 -1.14220 	18.0680 -18.5523 -20.8273 	24.1247 -8.10234 -35.0649 	1.00000	1.00000	1.00000	1
6.55997 5.06528 8.27214 	-1.23492 -1.37971 -1.54769 	17.4708 11.3377 2.08459 	17.2611 11.0371 -0.508988 	1.00000	1.00000	1.00000	1
6.59136 5.73708 9.16347 	-1.68055 2.04941 -1.72710 	-31.6868 27.0568 -65.3979 	-32.4408 27.9297 -66.5231 	1.00000	1.00000	1.00000	1
4.61492 5.24273 7.00002 	-4.35134 0.760825 1.80224 	69.3990 38.9299 -8.28693 	67.7903 40.5438 -8.12299 	1.00000	1.00000	1.00000	1
4.63582 6.26571 7.97164 	-0.952827 1.60980 -0.985699 	9.22454 -14.0086 -9.37152 	4.74234 -12.6511 -18.0791 	1.00000	1.00000	1.00000	1
5.77602 5.04816 7.12491 	-1.37631 -1.65542 -0.293546 	10.3981 6.73638 65.2615 	10.7452 6.64734 65.3178 	1.00000	1.00000	1.00000	1
6.72957 5.47321 7.38027 	-3.13752 0.120728 2.33907 	-21.9607 18.6659 -60.1120 	-23.5982 18.3298 -58.6696 	1.00000	1.00000	1.00000	1
5.17227 5.24808 9.12563 	0.812941 -1.53826 1.71791 	70.8060 19.0991 94.0967 	71.0905 19.5166 95.0015 	1.00000	1.00000	1.00000	1
4.64269 5.17093 8.20961 	0.145940 2.72745 0.594380 	-63.0988 -6.68596 -74.8165 	-62.8808 -5.71233 -74.9482 	1.00000	1.00000	1.00000	1
6.53973 8.17310 0.606020 	0.388804 4.47840 2.72660 	-31.5844 -23.1775 24.4242 	-32.0833 -19.6850 25.3294 	1.00000	1.00000	1.00000	1
5.54116 8.33882 1.57590 	-0.781266 -2.48233 -2.17425 	-16.1629 -57.5912 -15.8569 	-12.0019 -58.1749 -25.3170 	1.00000	1.00000	1.00000	1
5.54845 8.81367 0.613994 	2.33419 0.464279 -0.0489750 	-10.8976 -22.7703 -2.73266 	-9.49777 -22.3325 -2.76258 	1.00000	1.00000	1.00000	1
5.37818 7.50329 0.766963 	-0.344490 -0.877583 1.19935 	-43.0907 -59.8028 -52.4980 	-42.9427 -60.3069 -52.1803 	1.00000	1.00000	1.00000	1
6.32468 9.05221 1.50833 	-0.136563 0.0967914 1.05881 	-22.3861 34.9199 148.178 	-23.2977 35.0116 150.452 	1.00000	1.00000	1.00000	1
5.32862 6.93606 1.93816 	1.53221 0.428679 0.442639 	0.667064 -6.55733 12.4604 	1.42750 -6.34315 12.4740 	1.00000	1.00000	1.00000	1
6.52315 9.16984 0.618602 	0.297335 0.101389 -0.166887 	6.61756 65.1925 -135.931 	6.15016 63.7645 -138.266 	1.00000	1.00000	1.00000	1
5.23130 9.04749 2.29931 	-2.77493 -0.533682 -0.287334 	-19.3116 45.9457 -0.616394 	-20.1606 46.2364 -0.108533 	1.00000	1.00000	1.00000	1
6.34499 8.56576 2.77948 	2.15176 -0.0978793 0.232386 	-65.5212 -60.6694 -0.387544 	-65.3915 -60.8828 -1.07172 	1.00000	1.00000	1.00000	1
5.27742 7.93410 2.65760 	-0.590355 0.884694 0.871636 	-36.9415 -69.4945 31.5521 	-36.8563 -69.2874 31.8066 	1.00000	1.00000	1.00000	1
5.08900 8.55582 3.67536 	2.94046 2.88971 -0.956249 	32.3875 -30.5595 9.11862 	33.9829 -28.8509 8.46580 	1.00000	1.00000	1.00000	1
4.99226 7.29764 3.56476 	-0.311527 0.468122 -1.19918 	60.2927 -5.19019 58.9452 	58.3074 -4.52872 58.8208 	1.00000	1.00000	1.00000	1
6.87464 8.70544 3.90881 	1.68166 -0.872878 -0.317173 	40.6461 30.6842 -56.1806 	41.3934 30.0323 -56.0834 	1.00000	1.00000	1.00000	1
5.93321 8.93872 4.45981 	1.93053 2.48064 -1.26076 	15.3420 15.4485 65.6135 	16.2763 24.3210 60.7140 	1.00000	1.00000	1.00000	1
5.90537 8.29208 5.67018 	-0.864860 -1.78432 1.09308 	18.2902 -0.859422 2.55897 	17.1053 -1.44219 2.60915 	1.00000	1.00000	1.00000	1
5.06167 7.48604 5.94078 	0.833066 1.81662 -0.932470 	4.98561 6.19706 -57.2569 	4.71133 6.70967 -57.0858 	1.00000	1.00000	1.00000	1
4.84856 8.76143 5.82206 	-1.10050 -2.94322 -1.75323 	26.4637 40.1624 -14.9005 	25.9313 39.2327 -15.3420 	1.00000	1.00000	1.00000	1
6.06358 7.40606 4.61362 	1.42120 -1.82873 0.0899066 	-22.9878 24.2810 11.5859 	-21.4049 22.2540 11.4316 	1.00000	1.00000	1.00000	1
5.70479 9.05182 6.64415 	0.241535 1.93175 0.684471 	12.6289 -38.0426 1.05152 	11.9468 -36.5843 1.91862 	1.00000	1.00000	1.00000	1
5.73626 7.73343 6.85024 	3.46848 1.63395 -1.49738 	-36.3630 11.0012 -33.8575 	-33.2810 12.4229 -33.2351 	1.00000	1.00000	1.00000	1
6.84724 9.01344 6.03267 	-0.0323251 1.21859 -1.93291 	-8.72521 -9.98489 -21.1041 	-8.44083 -9.24879 -22.0747 	1.00000	1.00000	1.00000	1
6.80318 7.50822 6.05199 	3.45567 -0.0564118 -2.24388 	10.0056 41.1967 35.2691 	12.2893 41.0156 34.5653 	1.00000	1.00000	1.00000	1
5.02518 8.00190 4.81974 	0.0274341 2.34497 -2.74347 	6.91410 -24.4127 -56.9080 	7.22146 -23.3042 -58.0809 	1.00000	1.00000	1.00000	1
6.05862 6.93459 5.58176 	2.16912 1.21652 -1.19442 	-42.2056 13.9783 46.9351 	-41.0727 6.30774 51.6084 	1.00000	1.00000	1.00000	1
4.75886 6.93339 6.81682 	-2.47635 3.14903 -1.11646 	-68.7162 56.3345 15.5733 	-69.7360 58.2358 16.6549 	1.00000	1.00000	1.00000	1
5.72007 8.46537 7.73824 	-0.765813 -0.145170 -0.743166 	-34.6408 94.1153 45.4649 	-37.5084 86.4004 51.0197 	1.00000	1.00000	1.00000	1
5.66877 7.92068 8.96195 	1.08241 -1.24226 0.897123 	-43.4311 -28.0048 24.5389 	-42.6489 -27.9187 24.5484 	1.00000	1.00000	1.00000	1
6.48009 7.84138 7.77825 	-0.206393 -2.01036 2.62097 	4.52209 -45.1106 -2.17423 	5.05511 -46.7822 -1.70703 	1.00000	1.00000	1.00000	1
6.61690 8.64977 8.76699 	-2.15057 -1.10946 2.22969 	-10.2373 29.0386 -42.5206 	-16.0849 27.9903 -33.6386 	1.00000	1.00000	1.00000	1
4.78525 7.86777 7.73324 	-0.380801 1.36724 2.86367 	19.8725 -35.3035 -31.0886 	20.1106 -35.5396 -30.4917 	1.00000	1.00000	1.00000	1
5.55617 7.06586 7.96536 	-1.32130 -0.263652 -1.77624 	-9.67366 28.4932 -21.6754 	-10.1961 28.3599 -21.9639 	1.00000	1.00000	1.00000	1
6.62798 7.04344 8.87191 	-2.60545 1.71550 3.44588 	11.6293 47.3860 -15.0000 	10.7622 48.0842 -14.4630 	1.00000	1.00000	1.00000	1
6.89017 8.61707 7.03487 	-0.0231378 2.56732 -0.967523 	-26.5938 -42.6729 -52.8580 	-27.2922 -40.0239 -51.5526 	1.00000	1.00000	1.00000	1
6.83153 6.92529 7.21826 	-1.37292 -2.94746 2.67278 	6.48833 36.2241 7.92101 	-0.0369715 33.0555 17.4021 	1.00000	1.00000	1.00000	1
7.39899 1.82650 1.40749 	0.00591669 3.54994 -1.09328 	-38.7452 43.6697 81.7681 	-43.3549 56.0650 85.9004 	1.00000	1.00000	1.00000	1
8.40982 1.35252 1.75125 	-0.828169 -1.14441 3.28237 	-92.8900 -3.76963 65.5868 	-93.8705 -7.34465 67.7935 	1.00000	1.00000	1.00000	1
7.44827 1.30775 0.628229 	0.219556 0.317599 -3.79268 	34.2439 -149.273 -61.0996 	36.7388 -149.577 -73.8367 	1.00000	1.00000	1.00000	1
7.53603 0.586354 1.71071 	-0.623178 0.315390 3.02654 	-33.9604 -17.6066 -43.7920 	-34.4232 -17.6313 -43.1176 	1.00000	1.00000	1.00000	1
8.58139 1.69553 0.751826 	2.49416 -0.515672 2.34274 	-19.9930 -36.3066 -1.68500 	-18.7508 -35.7541 -1.04190 	1.00000	1.00000	1.00000	1
9.08402 0.680381 1.90746 	-0.893131 -0.148800 0.575451 	103.117 -71.4663 -0.719065 	102.047 -79.9717 -2.72966 	1.00000	1.00000	1.00000	1
7.88903 1.45662 3.69350 	-0.822661 0.154460 1.13888 	6.38561 29.6982 -12.3824 	6.17072 29.7919 -12.5789 	1.00000	1.00000	1.00000	1
8.33878 0.591515 2.66610 	0.351762 2.61359 -2.05011 	-33.2007 3.37425 -8.25799 	-31.8469 4.85286 -8.97440 	1.00000	1.00000	1.00000	1
7.44567 1.64590 2.73616 	-0.451348 0.890250 -1.56783 	-28.2679 -120.327 -37.9277 	-29.2034 -119.666 -38.2282 	1.00000	1.00000	1.00000	1
8.89516 0.796507 3.97004 	-2.67647 0.344149 1.17074 	24.1368 61.8042 -8.20306 	22.8431 60.9828 -7.92833 	1.00000	1.00000	1.00000	1
8.38122 2.06924 2.79104 	-1.86864 4.48737 2.06142 	49.1386 -20.4691 14.4978 	48.6677 -19.0395 14.4115 	1.00000	1.00000	1.00000	1
8.11053 0.232457 3.78545 	1.79533 -0.0307649 -1.20253 	-64.9110 -43.1411 0.442218 	-63.1824 -41.7671 0.321989 	1.00000	1.00000	1.00000	1
9.10548 1.20663 2.74204 	0.925459 -0.179017 -0.832642 	42.6121 102.064 135.226 	42.3993 100.491 134.045 	1.00000	1.00000	1.00000	1
9.10841 2.24192 3.69039 	3.82210 -0.474168 0.243063 	12.9016 31.5809 -0.422358 	15.0467 30.0885 0.158496 	1.00000	1.00000	1.00000	1
6.99957 2.20421 3.56875 	0.264746 -2.21796 -2.54402 	76.1307 37.4177 40.9778 	75.9843 35.8059 38.7713 	1.00000	1.00000	1.00000	1
7.99283 1.67750 5.67127 	-4.07824 -0.423534 0.606242 	10.8472 60.8350 33.4905 	9.61274 60.5930 32.8696 	1.00000	1.00000	1.00000	1
8.10371 0.314977 5.95996 	1.11999 -0.643792 -0.760242 	3.61554 21.1903 29.6474 	3.99420 20.7449 29.4904 	1.00000	1.00000	1.00000	1
8.90148 0.428862 5.01089 	2.95972 -0.0666851 0.144389 	-17.9841 17.5648 14.2037 	-8.17204 12.4470 16.0733 	1.00000	1.00000	1.00000	1
8.92725 1.65804 4.91772 	0.995247 0.0600123 0.753002 	-28.9261 -35.9741 20.5103 	-28.8734 -36.1582 20.6199 	1.00000	1.00000	1.00000	1
7.15594 1.91324 6.60358 	1.94986 0.127260 -0.302035 	-31.6145 53.7045 -5.13095 	-29.6933 55.3536 -5.33617 	1.00000	1.00000	1.00000	1
7.91094 0.768483 4.69305 	-0.176710 -1.46653 -0.789484 	15.5884 1.28369 -23.6135 	15.2774 1.07398 -23.0853 	1.00000	1.00000	1.00000	1
7.05375 1.75542 4.66677 	-0.576289 1.57351 -3.77426 	50.4558 -50.9643 -37.7643 	41.8207 -45.5174 -41.7418 	1.00000	1.00000	1.00000	1
9.02662 1.61868 6.32198 	-0.649360 0.968731 -2.29999 	74.5342 -112.010 -69.3236 	75.1085 -112.901 -72.8963 	1.00000	1.00000	1.00000	1
6.92031 0.235793 4.70428 	0.532153 -0.211921 1.29885 	31.2876 -65.5987 7.28403 	31.0340 -64.9127 7.61702 	1.00000	1.00000	1.00000	1
8.68838 2.26437 6.86808 	-2.08750 1.46330 -0.621082 	-84.7853 31.1334 88.9637 	-86.7004 33.4456 90.2049 	1.00000	1.00000	1.00000	1
7.60518 1.61810 8.94636 	0.824053 -1.52805 4.44327 	17.3221 0.762713 -47.6408 	16.7132 -3.75711 -39.6413 	1.00000	1.00000	1.00000	1
8.74863 1.46631 7.87857 	0.0141596 -1.76388 0.258162 	40.0519 -4.53883 14.2597 	40.3872 -4.41831 14.1228 	1.00000	1.00000	1.00000	1
8.50512 1.04514 8.93297 	0.157857 -3.92463 2.23741 	-33.1308 -30.1937 -25.6788 	-32.6255 -31.7588 -24.9695 	1.00000	1.00000	1.00000	1
7.56937 2.13222 7.78411 	-2.05387 1.45760 3.27342 	28.9480 -69.5501 -11.1703 	28.2397 -69.0708 -9.80993 	1.00000	1.00000	1.00000	1
9.09361 0.464503 6.98310 	2.17016 1.16486 -0.318358 	-53.3482 25.3034 28.8526 	-45.4675 31.9124 28.9447 	1.00000	1.00000	1.00000	1
8.13155 1.45643 6.94338 	1.73783 0.0404096 -1.34854 	-66.4597 -50.1420 -33.3630 	-65.5052 -49.4796 -34.6194 	1.00000	1.00000	1.00000	1
8.63820 0.0874098 8.08202 	0.974133 1.69388 -0.644812 	-39.1048 7.55978 -2.60676 	-37.8894 8.54737 -3.71673 	1.00000	1.00000	1.00000	1
8.39281 2.16589 8.90098 	1.34602 -1.98390 -0.666106 	-64.0748 94.9572 -3.18145 	-57.5697 93.1473 -2.52921 	1.00000	1.00000	1.00000	1
7.53301 0.0170533 8.90340 	-1.56835 1.14002 -0.447222 	41.2295 32.4279 17.9729 	40.7136 34.1224 16.6865 	1.00000	1.00000	1.00000	1
7.27588 3.31277 1.62826 	3.48716 0.776474 -1.84385 	16.6180 41.9568 -111.159 	18.5576 42.0317 -111.306 	1.00000	1.00000	1.00000	1
8.21828 3.92401 1.61219 	-1.11988 2.59870 -1.14977 	0.948292 10.6006 -64.8062 	0.451918 11.8770 -67.2847 	1.00000	1.00000	1.00000	1
8.61768 3.21887 0.439721 	1.03668 0.598155 -1.31446 	-37.2010 3.10394 23.8919 	-37.2373 3.22986 22.9620 	1.00000	1.00000	1.00000	1
7.51174 3.90287 0.658528 	0.941917 2.08244 0.249304 	-3.62010 -13.9509 -56.7615 	-3.18972 -13.7421 -56.6244 	1.00000	1.00000	1.00000	1
8.29270 2.65360 1.71342 	0.841383 1.27983 -2.85086 	-13.7408 51.9148 17.4271 	-13.9487 52.5252 17.0609 	1.00000	1.00000	1.00000	1
7.42597 2.69676 0.620928 	1.34503 4.32761 0.974279 	0.138312 -12.2963 -29.5704 	9.29446 -8.13002 -25.8785 	1.00000	1.00000	1.00000	1
8.41926 4.52756 0.295354 	1.07828 1.53693 0.178525 	41.0688 -36.2582 65.3676 	42.5312 -27.3958 60.5983 	1.00000	1.00000	1.00000	1
7.94843 2.84614 3.49760 	0.545616 1.25889 0.678330 	69.6442 -23.6508 7.77990 	70.0094 -23.2698 8.05691 	1.00000	1.00000	1.00000	1
8.24630 3.58759 2.50029 	-0.114852 -0.195049 0.267149 	132.732 -59.1809 84.3013 	131.781 -60.0063 86.3974 	1.00000	1.00000	1.00000	1
7.13504 4.36262 4.44757 	1.53404 0.843923 -1.65949 	-45.0872 55.2433 17.6071 	-44.8386 55.2569 16.5887 	1.00000	1.00000	1.00000	1
8.15914 4.37717 3.29611 	1.04393 1.48410 -4.01474 	1.33654 -14.8234 32.2255 	2.75083 -14.5296 28.9112 	1.00000	1.00000	1.00000	1
7.17093 3.75866 3.54640 	5.60896 2.24097 0.877090 	23.3135 72.1014 4.53429 	27.2580 73.1117 4.60119 	1.00000	1.00000	1.00000	1
9.12045 4.38907 4.51466 	1.35476 0.293115 0.271929 	-14.3114 26.2925 17.5371 	-14.6240 25.8702 18.0288 	1.00000	1.00000	1.00000	1
7.46081 4.02358 2.35392 	-1.03813 -1.73948 0.643835 	-176.700 83.3351 -22.7600 	-176.877 81.9683 -22.6511 	1.00000	1.00000	1.00000	1
9.10857 2.84299 2.69545 	-2.54518 1.99782 0.589506 	23.8026 -47.6228 -24.7189 	21.8028 -36.6255 -20.9860 	1.00000	1.00000	1.00000	1
9.15611 3.45441 3.71228 	-2.04839 -0.382478 -3.38754 	13.8712 -57.1507 -27.9205 	12.2995 -56.3644 -28.9124 	1.00000	1.00000	1.00000	1
7.60645 4.19654 6.61171 	0.221089 1.70772 0.157391 	33.4189 -74.5346 46.5390 	25.6310 -71.8191 40.5926 	1.00000	1.00000	1.00000	1
7.75715 2.77152 6.49542 	-1.32517 -3.68748 5.25954 	31.7156 -10.7263 12.8986 	30.0768 -13.0181 14.8011 	1.00000	1.00000	1.00000	1
9.10976 4.08168 5.65546 	1.08008 0.0289775 -1.17084 	-15.6772 -37.1760 -56.9414 	-15.0245 -37.5878 -57.1757 	1.00000	1.00000	1.00000	1
8.95420 2.53916 5.83399 	-2.18600 -0.0150763 2.92367 	-38.5966 34.7554 -20.6809 	-39.9160 33.7419 -19.8770 	1.00000	1.00000	1.00000	1
7.71970 2.48644 4.94127 	4.59808 0.380774 -2.21865 	84.2797 -47.6490 -11.2446 	89.1092 -46.6829 -12.9099 	1.00000	1.00000	1.00000	1
7.14880 3.87274 5.34822 	0.419123 -0.0698953 0.0321000 	-60.5514 -60.8034 32.1924 	-60.6648 -60.4009 33.0217 	1.00000	1.00000	1.00000	1
8.96642 2.85783 4.66742 	0.103301 -1.35408 2.73935 	-23.1577 97.3810 20.0928 	-23.0253 96.4256 21.2017 	1.00000	1.00000	1.00000	1
8.13059 3.64257 4.67094 	-0.221139 1.17225 1.46994 	-4.03177 1.24253 -40.3785 	-4.78173 2.41772 -39.8933 	1.00000	1.00000	1.00000	1
6.91071 2.32675 5.52630 	0.554496 0.283323 1.68630 	4.40697 72.3720 48.8493 	2.99638 72.3367 52.5638 	1.00000	1.00000	1.00000	1
7.88813 3.52417 7.50004 	-1.19508 0.222996 -0.0158646 	-66.5618 0.802050 -13.7081 	-66.3215 0.749284 -14.7097 	1.00000	1.00000	1.00000	1
7.50818 3.27410 8.72056 	-1.04047 -0.748366 -0.329978 	20.5158 -92.2680 -42.6763 	19.0039 -92.0345 -42.4635 	1.00000	1.00000	1.00000	1
8.67447 3.87509 8.51199 	1.79685 0.883805 0.163435 	-70.4225 -40.4118 2.06244 	-70.8920 -39.6242 3.91825 	1.00000	1.00000	1.00000	1
8.50935 4.58147 7.54238 	3.18038 -0.900381 -1.33487 	46.9890 -79.6820 -40.0305 	49.1918 -80.1549 -41.5673 	1.00000	1.00000	1.00000	1
7.45501 4.51891 8.40493 	1.44184 -0.660419 1.95094 	-31.1106 -54.3210 7.43464 	-30.3179 -55.0409 7.41212 	1.00000	1.00000	1.00000	1
8.74863 3.62500 6.98496 	-1.71122 -1.96652 2.85789 	46.2291 -36.4006 -76.7437 	45.0043 -37.1540 -75.2812 	1.00000	1.00000	1.00000	1
8.47380 5.61423 1.24925 	-0.123915 -2.24775 0.448822 	-32.5059 -2.80768 23.7495 	-32.4303 -3.56390 23.8659 	1.00000	1.00000	1.00000	1
7.28605 6.28858 0.945933 	-2.14138 0.222143 -0.0603611 	-8.25591 -77.4726 22.1835 	-8.36583 -77.6717 22.5056 	1.00000	1.00000	1.00000	1
7.33762 5.87639 2.14169 	-1.78102 -2.10020 -0.246140 	8.21717 -21.9270 -6.42150 	7.63047 -22.7456 -6.37665 	1.00000	1.00000	1.00000	1
8.63944 5.85631 0.310840 	-0.831453 2.39430 0.590797 	17.5725 19.5576 -10.0167 	17.0434 20.5853 -9.64485 	1.00000	1.00000	1.00000	1
7.58825 5.27507 0.252605 	0.0756416 -0.852979 -0.999978 	-33.7438 -22.9580 4.40015 	-33.5786 -23.4156 4.23283 	1.00000	1.00000	1.00000	1
7.86376 6.73549 0.147065 	-0.637477 -0.00983062 -0.890952 	-22.5009 2.05311 -24.1302 	-22.1212 2.02687 -24.9942 	1.00000	1.00000	1.00000	1
8.33995 6.69206 1.11916 	-3.82276 -0.399775 2.00984 	-44.9157 8.87624 -2.11407 	-46.5256 10.1232 -0.583806 	1.00000	1.00000	1.00000	1
8.32092 6.37428 2.25489 	-0.585236 -0.585741 0.954097 	-16.1572 -22.5441 -25.7749 	-17.3216 -21.8011 -24.6981 	1.00000	1.00000	1.00000	1
7.30684 4.60246 1.36507 	0.594536 1.71477 1.04860 	-0.127954 18.0600 60.3576 	0.351250 17.6611 61.4609 	1.00000	1.00000	1.00000	1
8.32688 5.79359 3.18434 	0.810661 -0.420231 0.208198 	-67.9067 -30.5582 9.39590 	-67.5587 -30.4223 9.00978 	1.00000	1.00000	1.00000	1
7.99891 6.66689 4.41918 	-1.14520 1.58908 -2.30281 	29.2962 -33.1209 -27.1517 	28.3657 -32.6839 -27.1320 	1.00000	1.00000	1.00000	1
7.10955 6.33978 2.98026 	2.91470 0.645326 -0.475766 	-34.7280 26.8712 36.1725 	-32.9440 26.5599 35.7368 	1.00000	1.00000	1.00000	1
8.94272 5.97752 4.34324 	-0.308238 -0.705117 4.47890 	7.18249 -18.1257 -12.1797 	33.3289 18.4492 -42.2171 	1.00000	1.00000	1.00000	1
8.04747 5.07152 4.12556 	-1.06972 -0.0781235 -0.547612 	65.8799 -5.40539 36.7954 	65.7833 -4.85340 36.6518 	1.00000	1.00000	1.00000	1
8.41684 4.83850 2.40973 	2.30674 -1.27488 1.46087 	-70.9941 31.2535 -14.1826 	-70.0545 29.4198 -11.8620 	1.00000	1.00000	1.00000	1
7.19072 5.02183 3.42494 	-2.11177 -1.50087 -0.299055 	20.4773 -38.9954 -9.46267 	19.6963 -39.9243 -9.85471 	1.00000	1.00000	1.00000	1
9.19853 6.46266 3.43240 	-2.37254 0.300688 0.405591 	8.59033 30.5889 -11.5482 	7.65911 30.9598 -12.5169 	1.00000	1.00000	1.00000	1
7.98203 5.96699 5.43527 	-0.973083 -0.422574 3.29557 	48.2521 10.6540 12.4631 	47.6953 10.8892 12.8818 	1.00000	1.00000	1.00000	1
8.95365 6.04748 6.47084 	0.627334 0.596269 -0.817256 	-15.6134 47.3045 15.6444 	-14.4581 46.8773 14.9302 	1.00000	1.00000	1.00000	1
8.02918 5.57199 6.46928 	-1.89727 -0.0690052 0.879718 	-12.6161 -79.2746 -100.516 	-14.3306 -78.8712 -100.097 	1.00000	1.00000	1.00000	1
8.96717 4.86771 6.27678 	-0.718978 0.448535 1.20859 	-43.9203 18.7708 50.6534 	-42.9273 18.8858 41.2258 	1.00000	1.00000	1.00000	1
8.03880 4.71658 5.43663 	-1.43712 -0.272088 0.0699372 	-50.6671 -26.6602 -38.4450 	-77.4975 -62.8676 -6.86190 	1.00000	1.00000	1.00000	1
6.94583 5.45911 5.10584 	0.457786 0.863262 1.02903 	-0.751758 25.2121 14.7734 	-0.734697 25.3480 14.7119 	1.00000	1.00000	1.00000	1
7.72332 6.87569 5.97736 	0.928988 -0.205752 5.89788 	-69.6137 -20.1270 -22.1935 	-68.4903 -20.4081 -19.1997 	1.00000	1.00000	1.00000	1
8.89004 5.30215 5.26846 	-0.590789 0.251027 3.78914 	64.1969 51.6257 16.6547 	63.7437 51.6003 18.0354 	1.00000	1.00000	1.00000	1
7.08685 6.82340 4.94003 	-1.97106 1.14257 -2.90602 	-23.5946 -9.17895 25.5469 	-24.8300 -8.58858 24.2510 	1.00000	1.00000	1.00000	1
9.04339 6.89262 5.05146 	0.487276 -3.76438 3.69602 	28.5766 -59.2872 27.1817 	29.5678 -60.0347 28.1797 	1.00000	1.00000	1.00000	1
8.74429 5.65331 7.49542 	1.25889 -2.35373 -2.22938 	-13.8581 89.5200 -12.1600 	-13.3414 89.1309 -12.8704 	1.00000	1.00000	1.00000	1
7.43284 6.00476 8.40590 	-1.50373 -0.392972 0.498424 	17.6616 14.1666 24.2447 	16.2075 14.3319 24.4577 	1.00000	1.00000	1.00000	1
8.68043 5.00925 8.55581 	-0.295813 -0.879852 3.01473 	-18.2147 43.3398 -64.4229 	-20.6200 43.2396 -52.9983 	1.00000	1.00000	1.00000	1
8.63695 6.51855 8.37399 	1.49076 -2.85345 1.98772 	22.2145 18.3328 -31.5461 	25.9190 6.71115 -15.6838 	1.00000	1.00000	1.00000	1
7.79524 6.43320 6.92861 	1.42277 0.413645 -1.84119 	-32.1218 9.39505 61.8409 	-31.5224 9.44307 60.1531 	1.00000	1.00000	1.00000	1
8.59681 8.02990 0.791677 	2.11798 -2.94536 -0.433713 	-57.1692 -16.0116 15.6610 	-55.9019 -17.7093 16.3241 	1.00000	1.00000	1.00000	1
7.15941 8.43038 1.72282 	-0.0831743 -2.05888 1.26505 	82.0144 -18.7717 10.1950 	81.9650 -19.4863 10.2710 	1.00000	1.00000	1.00000	1
7.38156 7.34212 1.17851 	0.187893 -1.45574 1.66022 	60.9626 -4.55711 -33.7078 	61.0997 -5.29601 -33.1402 	1.00000	1.00000	1.00000	1
7.41726 8.83863 0.752423 	1.25188 -0.253245 -0.503569 	31.2019 -34.9525 -3.64231 	32.5465 -35.1404 -4.40017 	1.00000	1.00000	1.00000	1
8.23553 7.72824 1.98274 	3.04632 -0.457176 -1.93017 	3.65621 31.5295 -18.7214 	4.84276 32.1277 -19.0532 	1.00000	1.00000	1.00000	1
8.28277 8.76770 1.89019 	-1.17902 0.449514 0.843009 	-18.6692 58.3502 -45.7690 	-19.3249 58.4282 -45.5530 	1.00000	1.00000	1.00000	1
7.47881 6.91325 2.16766 	2.84366 -0.446508 0.888695 	-1.30458 -47.1204 -10.5667 	-0.239287 -46.7659 -9.90046 	1.00000	1.00000	1.00000	1
7.84839 8.29808 4.05323 	-2.21422 -0.949811 0.133154 	-22.9218 -76.4252 8.70607 	-25.2384 -76.3321 8.74230 	1.00000	1.00000	1.00000	1
8.20724 8.57531 2.86647 	-0.526041 -0.419330 0.632760 	-53.7126 25.3239 -7.67367 	-54.1393 25.6924 -7.88995 	1.00000	1.00000	1.00000	1
7.40103 7.83769 2.73800 	-0.0469509 -4.64191 -2.29817 	-11.9481 -15.2769 13.0844 	-12.2660 -17.9426 12.2847 	1.00000	1.00000	1.00000	1
8.33802 6.93051 3.07205 	-1.11185 -2.87718 -1.21323 	-83.3837 63.2555 72.1782 	-83.4342 61.5328 69.6751 	1.00000	1.00000	1.00000	1
7.21545 8.96231 2.68575 	2.66573 1.35205 -0.167900 	79.4157 20.6019 36.0591 	87.9751 16.7671 30.1705 	1.00000	1.00000	1.00000	1
7.15859 7.29197 3.81726 	-0.807438 -0.109247 0.542996 	-68.5330 24.6964 11.7922 	-68.9288 25.1618 12.5379 	1.00000	1.00000	1.00000	1
9.14300 7.32476 4.07702 	0.374658 -2.41019 3.32969 	37.5660 25.0267 28.4918 	38.5741 23.9940 28.8997 	1.00000	1.00000	1.00000	1
7.83252 8.38394 6.18209 	3.00464 -0.892279 2.16809 	24.1418 -23.3595 -21.1606 	25.7568 -23.0043 -19.4683 	1.00000	1.00000	1.00000	1
8.01774 8.81233 4.92786 	-3.32065 -1.26668 -1.71690 	-21.3630 90.5815 -10.7893 	-22.4512 89.7251 -11.4233 	1.00000	1.00000	1.00000	1
8.06614 7.64864 5.16630 	-1.29366 -0.0902786 -1.63419 	47.7640 -53.7760 -9.30130 	45.4507 -53.7761 -9.84209 	1.00000	1.00000	1.00000	1
8.85458 7.39893 6.31292 	-1.87717 1.81489 -2.10573 	39.7058 33.4694 -23.7629 	38.4458 35.1094 -24.3742 	1.00000	1.00000	1.00000	1
8.97577 8.73305 6.12676 	-1.48002 -1.45178 1.95671 	-12.6937 32.9599 -27.1962 	-13.7679 31.3883 -24.7044 	1.00000	1.00000	1.00000	1
8.97477 8.20401 5.29209 	1.36599 -0.942033 2.73509 	13.8975 36.1635 -51.8748 	14.6245 35.8018 -50.4238 	1.00000	1.00000	1.00000	1
7.09168 7.82843 4.92446 	2.30668 -0.231102 1.22549 	-63.6776 45.5137 -59.0165 	-61.8996 44.6039 -58.2314 	1.00000	1.00000	1.00000	1
7.59746 8.26432 7.86279 	2.92178 -1.71697 0.351417 	6.82869 41.3644 26.8285 	7.78155 40.6015 26.7350 	1.00000	1.00000	1.00000	1
8.49579 7.92770 8.45669 	-0.906672 0.613584 1.48555 	71.8631 -19.1598 15.0885 	71.5379 -18.7172 15.1070 	1.00000	1.00000	1.00000	1
7.70449 7.02738 8.11571 	1.48459 1.34197 -1.96742 	14.0833 73.4987 9.42416 	14.6263 74.3217 8.51619 	1.00000	1.00000	1.00000	1
8.76160 8.85480 9.14303 	-1.28085 2.41807 0.107412 	-45.4886 -9.48825 -39.8921 	-46.0795 -8.17815 -40.1755 	1.00000	1.00000	1.00000	1
7.56318 8.21942 9.13278 	0.0829642 -3.33264 1.38679 	44.0188 -26.1457 -5.39384 	44.7955 -28.9121 -4.52159 	1.00000	1.00000	1.00000	1
8.66476 8.50043 7.05418 	0.469547 1.59679 -2.23955 	48.5565 -0.469464 25.9134 	38.8838 3.64501 26.9225 	1.00000	1.00000	1.00000	1
8.86633 7.20000 7.57182 	0.335081 0.840602 0.0570196 	-2.70484 -32.5582 -26.7381 	-2.78295 -31.1097 -28.7775 	1.00000	1.00000	1.00000	1
7.86095 9.04816 6.98511 	-1.29688 -4.34936 -0.903303 	-22.2767 56.7519 -40.1240 	-21.4370 53.5604 -41.2271 	1.00000	1.00000	1.00000	1
7.65946 7.69593 6.93462 	-1.05728 1.81968 2.67415 	84.1139 28.0310 14.6515 	82.3994 29.5121 14.9903 	1.00000	1.00000	1.00000	1
